1
80
12

0	0	0	0	0	0	0	0	0	0	0	0	
0	0	0	0	0	0	0	0	0	0	0	0	
0	0	0	0	0	0	0	0	0	0	0	0	
0	0	0	0	0	0	0	0	0	0	0	0	
0	0	0	0	0	0	0	0	0	0	0	0	
0	0	0	0	0	0	0	0	0	0	0	0	
0	0	0	0	0	0	0	0	0	0	0	0	
0	0	0	0	0	0	0	0	0	0	0	0	
0	0	0	0	0	0	0	0	0	0	0	0	
0	0	0	0	0	0	0	0	0	0	0	0	
0	0	0	0	0	0	0	0	0	0	0	0	
0	0	0	0	0	0	0	0	0	0	0	0	
0	0	0	0	0	0	0	0	0	0	0	0	
0	0	0	0	0	0	0	0	0	0	0	0	
0	0	0	0	0	0	0	0	0	0	0	0	
0	0	0	0	0	0	0	0	0	0	0	0	
0	0	0	0	0	0	0	0	0	0	0	0	
0	0	0	0	0	0	0	0	0	0	0	0	
0	0	0	0	0	0	0	0	0	0	0	0	
0	0	0	0	0	0	0	0	0	0	0	0	
0	0	0	0	0	0	0	0	0	0	0	0	
0	0	0	0	0	0	0	0	0	0	0	0	
0	0	0	0	0	0	0	0	0	0	0	0	
0	0	0	0	0	0	0	0	0	0	0	0	
0	0	0	0	0	0	0	0	0	0	0	0	
0	0	0	0	0	0	0	0	0	0	0	0	
0	0	0	0	0	0	0	0	0	0	0	0	
0	0	0	0	0	0	0	0	0	0	0	0	
0	0	0	0	0	0	0	0	0	0	0	0	
0	0	0	0	0	0	0	0	0	0	0	0	
0	0	0	0	0	0	0	0	0	0	0	0	
0	0	0	0	0	0	0	0	0	0	0	0	
0	0	0	0	0	0	0	0	0	0	0	0	
0	0	0	0	0	0	0	0	0	0	0	0	
0	0	0	0	0	0	0	0	0	0	0	0	
0	0	0	0	0	0	0	0	0	0	0	0	
0	0	0	0	0	0	0	0	0	0	0	0	
0	0	0	0	0	0	0	0	0	0	0	0	
0	0	0	0	0	0	0	0	0	0	0	0	
0	0	0	0	0	0	0	0	0	0	0	0	
0	0	0	0	0	0	0	0	0	0	0	0	
0	0	0	0	0	0	0	0	0	0	0	0	
0	0	0	0	0	0	0	0	0	0	0	0	
0	0	0	0	0	0	0	0	0	0	0	0	
0	0	0	0	0	0	0	0	0	0	0	0	
0	0	0	0	0	0	0	0	0	0	0	0	
0	0	0	0	0	0	0	0	0	0	0	0	
0	0	0	0	0	0	0	0	0	0	0	0	
0	0	0	0	0	0	0	0	0	0	0	0	
0	0	0	0	0	0	0	0	0	0	0	0	
0	0	0	0	0	0	0	0	0	0	0	0	
0	0	0	0	0	0	0	0	0	0	0	0	
0	0	0	0	0	0	0	0	0	0	0	0	
0	0	0	0	0	0	0	0	0	0	0	0	
0	0	0	0	0	0	0	0	0	0	0	0	
0	0	0	0	0	0	0	0	0	0	0	0	
0	0	0	0	0	0	0	0	0	0	0	0	
0	0	0	0	0	0	0	0	0	0	0	0	
0	0	0	0	0	0	0	0	0	0	0	0	
0	0	0	0	0	0	0	0	0	0	0	0	
0	0	0	0	0	0	0	0	0	0	0	0	
0	0	0	0	0	0	0	0	0	0	0	0	
0	0	0	0	0	0	0	0	0	0	0	0	
0	0	0	0	0	0	0	0	0	0	0	0	
0	0	0	0	0	0	0	0	0	0	0	0	
0	0	0	0	0	0	0	0	0	0	0	0	
0	0	0	0	0	0	0	0	0	0	0	0	
0	0	0	0	0	0	0	0	0	0	0	0	
0	0	0	0	0	0	0	0	0	0	0	0	
0	0	0	0	0	0	0	0	0	0	0	0	
0	0	0	0	0	0	0	0	0	0	0	0	
0	0	0	0	0	0	0	0	0	0	0	0	
0	0	0	0	0	0	0	0	0	0	0	0	
0	0	0	0	0	0	0	0	0	0	0	0	
0	0	0	0	0	0	0	0	0	0	0	0	
0	0	0	0	0	0	0	0	0	0	0	0	
0	0	0	0	0	0	0	0	0	0	0	0	
0	0	0	0	0	0	0	0	0	0	0	0	
0	0	0	0	0	0	0	0	0	0	0	0	
0	0	0	0	0	0	0	0	0	0	0	0	



68
265

35	2	
59	2	
30	2	
27	3	
33	3	
58	5	
53	2	
18	5	
22	5	
8	2	
9	5	
60	3	
66	2	
35	2	
39	3	
14	2	
53	3	
4	2	
10	2	
44	3	
42	3	
9	2	
56	3	
7	2	
53	2	
43	2	
40	3	
64	3	
57	2	
58	2	
20	2	
31	3	
48	3	
32	2	
8	5	
37	4	
58	3	
52	2	
63	2	
49	4	
35	2	
44	5	
6	2	
12	3	
9	2	
36	5	
4	2	
1	3	
58	3	
26	5	
52	3	
54	2	
38	3	
0	3	
11	3	
19	3	
40	2	
3	2	
34	2	
16	5	
0	4	
49	3	
47	2	
32	2	
10	2	
11	3	
5	3	
10	3	
0	3	
18	4	
56	4	
54	2	
40	5	
22	5	
8	2	
12	5	
43	4	
23	3	
19	2	
30	3	
50	3	
16	3	
66	5	
32	2	
21	3	
53	2	
28	2	
40	4	
39	3	
33	5	
1	2	
27	3	
49	5	
20	2	
58	3	
62	3	
38	2	
47	5	
4	5	
67	2	
37	5	
30	2	
35	3	
25	3	
32	4	
46	2	
33	3	
57	5	
3	3	
42	5	
30	5	
43	5	
34	2	
13	5	
14	2	
64	2	
20	3	
65	3	
59	3	
24	4	
20	2	
50	4	
19	4	
49	2	
67	2	
1	2	
49	3	
30	2	
28	4	
52	3	
13	3	
11	5	
11	4	
29	3	
12	5	
29	3	
10	4	
3	3	
65	3	
51	2	
15	2	
46	5	
42	2	
64	4	
46	4	
49	4	
39	5	
54	2	
13	5	
25	2	
43	3	
39	3	
45	2	
42	2	
55	3	
49	2	
24	2	
30	4	
7	3	
62	3	
48	2	
52	3	
17	2	
41	3	
45	4	
44	2	
5	3	
23	4	
54	2	
62	3	
12	2	
31	2	
17	4	
34	2	
39	5	
14	4	
38	5	
38	2	
23	2	
21	2	
61	3	
11	3	
11	3	
44	3	
37	2	
26	4	
3	3	
35	2	
41	5	
15	2	
47	4	
12	2	
44	2	
30	2	
17	2	
16	2	
31	4	
64	3	
54	2	
57	4	
26	4	
14	3	
55	3	
2	5	
27	2	
11	2	
54	3	
4	5	
38	4	
2	3	
63	2	
10	3	
44	3	
4	5	
16	2	
16	3	
58	4	
13	2	
9	5	
30	3	
61	2	
43	3	
27	2	
14	5	
34	2	
36	2	
37	4	
13	2	
42	2	
27	4	
65	2	
3	5	
5	2	
66	2	
31	4	
60	2	
53	3	
13	4	
58	2	
57	2	
40	2	
51	2	
12	3	
1	4	
0	4	
3	2	
35	5	
20	2	
24	2	
3	5	
14	2	
44	5	
59	3	
46	2	
43	4	
33	5	
35	3	
8	3	
51	4	
10	5	
38	2	
42	3	
21	5	
7	4	
6	4	

