1
80
12

0	0	0	0	0	0	0	0	0	0	0	0	
0	0	0	0	0	0	0	0	0	0	0	0	
0	0	0	0	0	0	0	0	0	0	0	0	
0	0	0	0	0	0	0	0	0	0	0	0	
0	0	0	0	0	0	0	0	0	0	0	0	
0	0	0	0	0	0	0	0	0	0	0	0	
0	0	0	0	0	0	0	0	0	0	0	0	
0	0	0	0	0	0	0	0	0	0	0	0	
0	0	0	0	0	0	0	0	0	0	0	0	
0	0	0	0	0	0	0	0	0	0	0	0	
0	0	0	0	0	0	0	0	0	0	0	0	
0	0	0	0	0	0	0	0	0	0	0	0	
0	0	0	0	0	0	0	0	0	0	0	0	
0	0	0	0	0	0	0	0	0	0	0	0	
0	0	0	0	0	0	0	0	0	0	0	0	
0	0	0	0	0	0	0	0	0	0	0	0	
0	0	0	0	0	0	0	0	0	0	0	0	
0	0	0	0	0	0	0	0	0	0	0	0	
0	0	0	0	0	0	0	0	0	0	0	0	
0	0	0	0	0	0	0	0	0	0	0	0	
0	0	0	0	0	0	0	0	0	0	0	0	
0	0	0	0	0	0	0	0	0	0	0	0	
0	0	0	0	0	0	0	0	0	0	0	0	
0	0	0	0	0	0	0	0	0	0	0	0	
0	0	0	0	0	0	0	0	0	0	0	0	
0	0	0	0	0	0	0	0	0	0	0	0	
0	0	0	0	0	0	0	0	0	0	0	0	
0	0	0	0	0	0	0	0	0	0	0	0	
0	0	0	0	0	0	0	0	0	0	0	0	
0	0	0	0	0	0	0	0	0	0	0	0	
0	0	0	0	0	0	0	0	0	0	0	0	
0	0	0	0	0	0	0	0	0	0	0	0	
0	0	0	0	0	0	0	0	0	0	0	0	
0	0	0	0	0	0	0	0	0	0	0	0	
0	0	0	0	0	0	0	0	0	0	0	0	
0	0	0	0	0	0	0	0	0	0	0	0	
0	0	0	0	0	0	0	0	0	0	0	0	
0	0	0	0	0	0	0	0	0	0	0	0	
0	0	0	0	0	0	0	0	0	0	0	0	
0	0	0	0	0	0	0	0	0	0	0	0	
0	0	0	0	0	0	0	0	0	0	0	0	
0	0	0	0	0	0	0	0	0	0	0	0	
0	0	0	0	0	0	0	0	0	0	0	0	
0	0	0	0	0	0	0	0	0	0	0	0	
0	0	0	0	0	0	0	0	0	0	0	0	
0	0	0	0	0	0	0	0	0	0	0	0	
0	0	0	0	0	0	0	0	0	0	0	0	
0	0	0	0	0	0	0	0	0	0	0	0	
0	0	0	0	0	0	0	0	0	0	0	0	
0	0	0	0	0	0	0	0	0	0	0	0	
0	0	0	0	0	0	0	0	0	0	0	0	
0	0	0	0	0	0	0	0	0	0	0	0	
0	0	0	0	0	0	0	0	0	0	0	0	
0	0	0	0	0	0	0	0	0	0	0	0	
0	0	0	0	0	0	0	0	0	0	0	0	
0	0	0	0	0	0	0	0	0	0	0	0	
0	0	0	0	0	0	0	0	0	0	0	0	
0	0	0	0	0	0	0	0	0	0	0	0	
0	0	0	0	0	0	0	0	0	0	0	0	
0	0	0	0	0	0	0	0	0	0	0	0	
0	0	0	0	0	0	0	0	0	0	0	0	
0	0	0	0	0	0	0	0	0	0	0	0	
0	0	0	0	0	0	0	0	0	0	0	0	
0	0	0	0	0	0	0	0	0	0	0	0	
0	0	0	0	0	0	0	0	0	0	0	0	
0	0	0	0	0	0	0	0	0	0	0	0	
0	0	0	0	0	0	0	0	0	0	0	0	
0	0	0	0	0	0	0	0	0	0	0	0	
0	0	0	0	0	0	0	0	0	0	0	0	
0	0	0	0	0	0	0	0	0	0	0	0	
0	0	0	0	0	0	0	0	0	0	0	0	
0	0	0	0	0	0	0	0	0	0	0	0	
0	0	0	0	0	0	0	0	0	0	0	0	
0	0	0	0	0	0	0	0	0	0	0	0	
0	0	0	0	0	0	0	0	0	0	0	0	
0	0	0	0	0	0	0	0	0	0	0	0	
0	0	0	0	0	0	0	0	0	0	0	0	
0	0	0	0	0	0	0	0	0	0	0	0	
0	0	0	0	0	0	0	0	0	0	0	0	
0	0	0	0	0	0	0	0	0	0	0	0	



72
281

65	5	
59	3	
43	3	
5	2	
34	3	
17	5	
29	3	
53	2	
21	2	
70	5	
67	5	
41	4	
39	3	
70	2	
32	3	
29	2	
50	2	
13	3	
2	2	
27	5	
15	3	
14	5	
55	3	
41	5	
35	2	
46	2	
34	2	
22	2	
41	3	
37	4	
47	2	
24	3	
27	2	
64	2	
40	2	
57	2	
6	2	
14	5	
36	5	
68	4	
56	3	
11	4	
70	2	
5	2	
66	5	
7	4	
47	4	
1	5	
17	3	
59	2	
45	3	
4	5	
1	2	
63	4	
13	2	
39	2	
15	3	
35	4	
38	5	
26	3	
33	3	
24	2	
49	3	
40	2	
45	2	
45	2	
64	3	
54	5	
45	3	
46	3	
26	3	
13	2	
18	3	
12	3	
6	2	
53	4	
68	4	
71	3	
53	3	
12	4	
11	2	
46	3	
10	3	
2	2	
70	2	
14	2	
51	2	
65	3	
13	2	
18	4	
18	3	
64	2	
69	2	
23	3	
41	4	
47	2	
3	2	
16	5	
9	2	
15	2	
13	3	
58	2	
43	3	
33	3	
24	2	
48	3	
40	2	
60	2	
67	2	
69	3	
0	2	
66	5	
52	3	
65	4	
51	3	
7	2	
64	3	
13	3	
13	3	
55	4	
12	3	
24	2	
14	3	
46	5	
48	3	
63	2	
56	4	
47	5	
65	2	
54	3	
12	2	
41	3	
38	2	
46	2	
2	3	
12	2	
1	2	
63	2	
70	2	
30	3	
23	2	
36	5	
52	2	
16	5	
55	4	
9	2	
49	3	
58	5	
31	2	
60	4	
57	4	
70	4	
8	2	
25	2	
24	3	
24	3	
48	2	
42	2	
4	3	
41	5	
59	2	
62	3	
31	2	
6	2	
61	4	
11	2	
19	4	
5	5	
10	3	
65	5	
48	3	
58	2	
4	2	
61	2	
18	3	
21	3	
20	3	
9	2	
57	2	
42	2	
41	2	
66	2	
14	3	
70	2	
66	2	
10	2	
67	3	
25	2	
44	4	
23	2	
19	5	
29	3	
26	5	
58	5	
23	4	
61	2	
14	3	
45	3	
39	3	
33	4	
36	4	
53	3	
59	2	
29	2	
59	2	
30	3	
66	2	
12	3	
5	2	
37	3	
31	2	
44	5	
50	2	
69	2	
37	3	
18	5	
36	2	
20	4	
5	3	
51	2	
9	3	
6	2	
68	2	
18	3	
6	2	
19	5	
46	2	
62	2	
27	2	
66	3	
17	3	
16	3	
69	4	
32	2	
17	2	
29	3	
46	3	
61	2	
33	2	
35	4	
32	3	
0	2	
15	5	
48	5	
41	3	
71	3	
12	2	
20	5	
11	3	
5	3	
26	2	
54	3	
69	2	
61	2	
28	3	
69	2	
3	3	
22	3	
4	2	
24	3	
31	2	
8	2	
59	5	
5	2	
63	4	
14	3	
65	2	
4	2	
48	2	
14	2	
28	2	
13	2	
3	2	
46	5	
48	2	
11	3	
33	2	
12	2	
56	2	
6	2	
48	2	

