1
70
12

0	0	0	0	0	0	0	0	0	0	0	0	
0	0	0	0	0	0	0	0	0	0	0	0	
0	0	0	0	0	0	0	0	0	0	0	0	
0	0	0	0	0	0	0	0	0	0	0	0	
0	0	0	0	0	0	0	0	0	0	0	0	
0	0	0	0	0	0	0	0	0	0	0	0	
0	0	0	0	0	0	0	0	0	0	0	0	
0	0	0	0	0	0	0	0	0	0	0	0	
0	0	0	0	0	0	0	0	0	0	0	0	
0	0	0	0	0	0	0	0	0	0	0	0	
0	0	0	0	0	0	0	0	0	0	0	0	
0	0	0	0	0	0	0	0	0	0	0	0	
0	0	0	0	0	0	0	0	0	0	0	0	
0	0	0	0	0	0	0	0	0	0	0	0	
0	0	0	0	0	0	0	0	0	0	0	0	
0	0	0	0	0	0	0	0	0	0	0	0	
0	0	0	0	0	0	0	0	0	0	0	0	
0	0	0	0	0	0	0	0	0	0	0	0	
0	0	0	0	0	0	0	0	0	0	0	0	
0	0	0	0	0	0	0	0	0	0	0	0	
0	0	0	0	0	0	0	0	0	0	0	0	
0	0	0	0	0	0	0	0	0	0	0	0	
0	0	0	0	0	0	0	0	0	0	0	0	
0	0	0	0	0	0	0	0	0	0	0	0	
0	0	0	0	0	0	0	0	0	0	0	0	
0	0	0	0	0	0	0	0	0	0	0	0	
0	0	0	0	0	0	0	0	0	0	0	0	
0	0	0	0	0	0	0	0	0	0	0	0	
0	0	0	0	0	0	0	0	0	0	0	0	
0	0	0	0	0	0	0	0	0	0	0	0	
0	0	0	0	0	0	0	0	0	0	0	0	
0	0	0	0	0	0	0	0	0	0	0	0	
0	0	0	0	0	0	0	0	0	0	0	0	
0	0	0	0	0	0	0	0	0	0	0	0	
0	0	0	0	0	0	0	0	0	0	0	0	
0	0	0	0	0	0	0	0	0	0	0	0	
0	0	0	0	0	0	0	0	0	0	0	0	
0	0	0	0	0	0	0	0	0	0	0	0	
0	0	0	0	0	0	0	0	0	0	0	0	
0	0	0	0	0	0	0	0	0	0	0	0	
0	0	0	0	0	0	0	0	0	0	0	0	
0	0	0	0	0	0	0	0	0	0	0	0	
0	0	0	0	0	0	0	0	0	0	0	0	
0	0	0	0	0	0	0	0	0	0	0	0	
0	0	0	0	0	0	0	0	0	0	0	0	
0	0	0	0	0	0	0	0	0	0	0	0	
0	0	0	0	0	0	0	0	0	0	0	0	
0	0	0	0	0	0	0	0	0	0	0	0	
0	0	0	0	0	0	0	0	0	0	0	0	
0	0	0	0	0	0	0	0	0	0	0	0	
0	0	0	0	0	0	0	0	0	0	0	0	
0	0	0	0	0	0	0	0	0	0	0	0	
0	0	0	0	0	0	0	0	0	0	0	0	
0	0	0	0	0	0	0	0	0	0	0	0	
0	0	0	0	0	0	0	0	0	0	0	0	
0	0	0	0	0	0	0	0	0	0	0	0	
0	0	0	0	0	0	0	0	0	0	0	0	
0	0	0	0	0	0	0	0	0	0	0	0	
0	0	0	0	0	0	0	0	0	0	0	0	
0	0	0	0	0	0	0	0	0	0	0	0	
0	0	0	0	0	0	0	0	0	0	0	0	
0	0	0	0	0	0	0	0	0	0	0	0	
0	0	0	0	0	0	0	0	0	0	0	0	
0	0	0	0	0	0	0	0	0	0	0	0	
0	0	0	0	0	0	0	0	0	0	0	0	
0	0	0	0	0	0	0	0	0	0	0	0	
0	0	0	0	0	0	0	0	0	0	0	0	
0	0	0	0	0	0	0	0	0	0	0	0	
0	0	0	0	0	0	0	0	0	0	0	0	
0	0	0	0	0	0	0	0	0	0	0	0	



51
231

22	2	
6	2	
17	2	
41	2	
14	4	
50	2	
21	4	
45	4	
34	5	
0	5	
30	3	
11	4	
8	2	
20	5	
44	4	
50	2	
43	3	
8	2	
7	4	
34	3	
33	2	
3	4	
43	2	
33	5	
36	5	
10	2	
39	5	
15	3	
11	2	
18	3	
3	3	
8	4	
5	4	
6	3	
24	4	
5	2	
13	3	
14	2	
38	3	
9	2	
2	2	
44	2	
10	3	
23	2	
41	2	
14	3	
48	2	
38	2	
22	2	
26	5	
37	2	
42	2	
24	4	
9	5	
20	2	
1	2	
50	4	
43	2	
27	4	
20	3	
3	2	
2	2	
8	5	
12	2	
21	2	
5	4	
48	3	
13	2	
28	3	
21	5	
28	2	
50	4	
38	3	
12	3	
18	2	
36	2	
35	4	
34	5	
50	4	
42	2	
27	5	
26	2	
18	4	
14	2	
1	5	
3	2	
49	3	
29	2	
24	2	
46	4	
11	2	
38	3	
33	2	
30	3	
25	2	
31	3	
49	3	
25	2	
15	2	
33	3	
17	5	
38	3	
11	4	
17	5	
13	4	
16	4	
22	5	
22	2	
46	2	
7	5	
17	3	
15	2	
38	2	
45	4	
4	2	
49	3	
12	3	
2	5	
17	3	
1	3	
38	2	
7	3	
2	5	
30	2	
44	2	
38	2	
35	2	
29	5	
14	5	
48	2	
13	2	
37	4	
41	4	
15	2	
8	5	
49	2	
32	3	
33	3	
30	4	
17	5	
31	4	
13	2	
47	5	
13	5	
23	2	
35	2	
43	5	
25	2	
32	3	
8	4	
20	2	
12	2	
2	5	
7	5	
6	3	
46	2	
37	3	
20	5	
16	2	
29	2	
29	4	
24	2	
17	2	
50	3	
19	2	
43	4	
8	2	
27	3	
24	2	
0	5	
44	5	
47	4	
6	3	
33	4	
13	2	
15	3	
34	3	
30	4	
15	3	
20	3	
45	4	
23	5	
0	5	
45	5	
36	4	
34	2	
34	2	
14	3	
27	5	
17	3	
44	5	
1	3	
13	2	
35	2	
9	2	
39	3	
24	3	
46	3	
34	3	
25	4	
40	3	
30	5	
41	3	
49	2	
32	2	
29	5	
4	2	
44	3	
10	2	
50	2	
27	5	
40	2	
45	5	
8	2	
2	2	
37	4	
24	2	
12	3	
20	2	
43	2	
14	2	
0	2	
30	3	
19	2	
16	4	
0	2	
39	2	
27	3	
21	2	
28	4	
24	2	

