1
70
12

0	0	0	0	0	0	0	0	0	0	0	0	
0	0	0	0	0	0	0	0	0	0	0	0	
0	0	0	0	0	0	0	0	0	0	0	0	
0	0	0	0	0	0	0	0	0	0	0	0	
0	0	0	0	0	0	0	0	0	0	0	0	
0	0	0	0	0	0	0	0	0	0	0	0	
0	0	0	0	0	0	0	0	0	0	0	0	
0	0	0	0	0	0	0	0	0	0	0	0	
0	0	0	0	0	0	0	0	0	0	0	0	
0	0	0	0	0	0	0	0	0	0	0	0	
0	0	0	0	0	0	0	0	0	0	0	0	
0	0	0	0	0	0	0	0	0	0	0	0	
0	0	0	0	0	0	0	0	0	0	0	0	
0	0	0	0	0	0	0	0	0	0	0	0	
0	0	0	0	0	0	0	0	0	0	0	0	
0	0	0	0	0	0	0	0	0	0	0	0	
0	0	0	0	0	0	0	0	0	0	0	0	
0	0	0	0	0	0	0	0	0	0	0	0	
0	0	0	0	0	0	0	0	0	0	0	0	
0	0	0	0	0	0	0	0	0	0	0	0	
0	0	0	0	0	0	0	0	0	0	0	0	
0	0	0	0	0	0	0	0	0	0	0	0	
0	0	0	0	0	0	0	0	0	0	0	0	
0	0	0	0	0	0	0	0	0	0	0	0	
0	0	0	0	0	0	0	0	0	0	0	0	
0	0	0	0	0	0	0	0	0	0	0	0	
0	0	0	0	0	0	0	0	0	0	0	0	
0	0	0	0	0	0	0	0	0	0	0	0	
0	0	0	0	0	0	0	0	0	0	0	0	
0	0	0	0	0	0	0	0	0	0	0	0	
0	0	0	0	0	0	0	0	0	0	0	0	
0	0	0	0	0	0	0	0	0	0	0	0	
0	0	0	0	0	0	0	0	0	0	0	0	
0	0	0	0	0	0	0	0	0	0	0	0	
0	0	0	0	0	0	0	0	0	0	0	0	
0	0	0	0	0	0	0	0	0	0	0	0	
0	0	0	0	0	0	0	0	0	0	0	0	
0	0	0	0	0	0	0	0	0	0	0	0	
0	0	0	0	0	0	0	0	0	0	0	0	
0	0	0	0	0	0	0	0	0	0	0	0	
0	0	0	0	0	0	0	0	0	0	0	0	
0	0	0	0	0	0	0	0	0	0	0	0	
0	0	0	0	0	0	0	0	0	0	0	0	
0	0	0	0	0	0	0	0	0	0	0	0	
0	0	0	0	0	0	0	0	0	0	0	0	
0	0	0	0	0	0	0	0	0	0	0	0	
0	0	0	0	0	0	0	0	0	0	0	0	
0	0	0	0	0	0	0	0	0	0	0	0	
0	0	0	0	0	0	0	0	0	0	0	0	
0	0	0	0	0	0	0	0	0	0	0	0	
0	0	0	0	0	0	0	0	0	0	0	0	
0	0	0	0	0	0	0	0	0	0	0	0	
0	0	0	0	0	0	0	0	0	0	0	0	
0	0	0	0	0	0	0	0	0	0	0	0	
0	0	0	0	0	0	0	0	0	0	0	0	
0	0	0	0	0	0	0	0	0	0	0	0	
0	0	0	0	0	0	0	0	0	0	0	0	
0	0	0	0	0	0	0	0	0	0	0	0	
0	0	0	0	0	0	0	0	0	0	0	0	
0	0	0	0	0	0	0	0	0	0	0	0	
0	0	0	0	0	0	0	0	0	0	0	0	
0	0	0	0	0	0	0	0	0	0	0	0	
0	0	0	0	0	0	0	0	0	0	0	0	
0	0	0	0	0	0	0	0	0	0	0	0	
0	0	0	0	0	0	0	0	0	0	0	0	
0	0	0	0	0	0	0	0	0	0	0	0	
0	0	0	0	0	0	0	0	0	0	0	0	
0	0	0	0	0	0	0	0	0	0	0	0	
0	0	0	0	0	0	0	0	0	0	0	0	
0	0	0	0	0	0	0	0	0	0	0	0	



52
231

10	2	
29	3	
1	5	
37	2	
21	2	
18	2	
40	3	
5	3	
50	3	
11	2	
27	5	
19	3	
48	2	
19	3	
43	2	
4	4	
4	5	
49	5	
50	2	
46	4	
4	2	
31	3	
37	2	
24	2	
13	2	
22	2	
13	2	
49	2	
20	3	
7	4	
23	3	
15	2	
4	3	
29	2	
17	3	
18	2	
41	2	
1	4	
25	4	
1	4	
35	3	
25	5	
26	4	
10	4	
7	5	
16	2	
0	3	
14	2	
37	4	
47	5	
19	2	
18	2	
41	2	
13	3	
48	5	
7	3	
30	2	
35	2	
20	2	
24	3	
35	2	
30	3	
42	3	
30	4	
12	3	
42	2	
2	2	
4	2	
4	2	
37	2	
0	3	
17	4	
51	5	
20	4	
20	2	
17	2	
44	2	
48	2	
38	3	
38	3	
17	2	
9	2	
23	2	
11	5	
36	4	
30	2	
46	2	
6	3	
34	4	
41	3	
20	2	
17	4	
22	2	
48	2	
43	4	
19	2	
43	5	
28	2	
11	5	
36	2	
3	4	
50	3	
48	2	
50	3	
5	2	
44	3	
27	2	
27	2	
23	3	
5	4	
2	5	
40	4	
31	2	
45	2	
32	4	
45	5	
7	3	
16	3	
0	5	
31	5	
19	2	
16	2	
50	2	
3	2	
38	5	
18	4	
30	3	
11	4	
46	2	
40	2	
31	5	
45	3	
49	5	
9	2	
35	2	
16	5	
17	4	
25	5	
38	3	
26	3	
33	2	
29	3	
48	3	
22	2	
38	2	
35	2	
8	2	
26	4	
30	4	
16	3	
22	2	
28	4	
34	5	
8	5	
51	2	
48	2	
16	2	
5	3	
46	5	
32	4	
38	5	
17	3	
29	3	
20	5	
14	4	
44	5	
49	2	
30	5	
10	5	
0	2	
37	3	
11	4	
24	4	
35	2	
4	5	
48	2	
2	2	
14	4	
12	5	
8	3	
33	2	
5	2	
6	3	
21	2	
2	2	
38	3	
7	2	
27	3	
37	3	
15	5	
35	3	
10	2	
19	3	
18	5	
16	3	
31	2	
39	3	
16	3	
37	2	
34	2	
43	3	
34	4	
21	5	
6	3	
32	3	
23	2	
27	3	
51	5	
10	4	
44	5	
12	2	
25	2	
10	5	
10	4	
18	5	
13	5	
10	3	
4	2	
6	5	
27	4	
47	2	
7	3	
33	2	
38	3	
37	4	
29	5	
18	2	
19	2	
39	2	
29	2	
30	2	

