1
70
12

0	0	0	0	0	0	0	0	0	0	0	0	
0	0	0	0	0	0	0	0	0	0	0	0	
0	0	0	0	0	0	0	0	0	0	0	0	
0	0	0	0	0	0	0	0	0	0	0	0	
0	0	0	0	0	0	0	0	0	0	0	0	
0	0	0	0	0	0	0	0	0	0	0	0	
0	0	0	0	0	0	0	0	0	0	0	0	
0	0	0	0	0	0	0	0	0	0	0	0	
0	0	0	0	0	0	0	0	0	0	0	0	
0	0	0	0	0	0	0	0	0	0	0	0	
0	0	0	0	0	0	0	0	0	0	0	0	
0	0	0	0	0	0	0	0	0	0	0	0	
0	0	0	0	0	0	0	0	0	0	0	0	
0	0	0	0	0	0	0	0	0	0	0	0	
0	0	0	0	0	0	0	0	0	0	0	0	
0	0	0	0	0	0	0	0	0	0	0	0	
0	0	0	0	0	0	0	0	0	0	0	0	
0	0	0	0	0	0	0	0	0	0	0	0	
0	0	0	0	0	0	0	0	0	0	0	0	
0	0	0	0	0	0	0	0	0	0	0	0	
0	0	0	0	0	0	0	0	0	0	0	0	
0	0	0	0	0	0	0	0	0	0	0	0	
0	0	0	0	0	0	0	0	0	0	0	0	
0	0	0	0	0	0	0	0	0	0	0	0	
0	0	0	0	0	0	0	0	0	0	0	0	
0	0	0	0	0	0	0	0	0	0	0	0	
0	0	0	0	0	0	0	0	0	0	0	0	
0	0	0	0	0	0	0	0	0	0	0	0	
0	0	0	0	0	0	0	0	0	0	0	0	
0	0	0	0	0	0	0	0	0	0	0	0	
0	0	0	0	0	0	0	0	0	0	0	0	
0	0	0	0	0	0	0	0	0	0	0	0	
0	0	0	0	0	0	0	0	0	0	0	0	
0	0	0	0	0	0	0	0	0	0	0	0	
0	0	0	0	0	0	0	0	0	0	0	0	
0	0	0	0	0	0	0	0	0	0	0	0	
0	0	0	0	0	0	0	0	0	0	0	0	
0	0	0	0	0	0	0	0	0	0	0	0	
0	0	0	0	0	0	0	0	0	0	0	0	
0	0	0	0	0	0	0	0	0	0	0	0	
0	0	0	0	0	0	0	0	0	0	0	0	
0	0	0	0	0	0	0	0	0	0	0	0	
0	0	0	0	0	0	0	0	0	0	0	0	
0	0	0	0	0	0	0	0	0	0	0	0	
0	0	0	0	0	0	0	0	0	0	0	0	
0	0	0	0	0	0	0	0	0	0	0	0	
0	0	0	0	0	0	0	0	0	0	0	0	
0	0	0	0	0	0	0	0	0	0	0	0	
0	0	0	0	0	0	0	0	0	0	0	0	
0	0	0	0	0	0	0	0	0	0	0	0	
0	0	0	0	0	0	0	0	0	0	0	0	
0	0	0	0	0	0	0	0	0	0	0	0	
0	0	0	0	0	0	0	0	0	0	0	0	
0	0	0	0	0	0	0	0	0	0	0	0	
0	0	0	0	0	0	0	0	0	0	0	0	
0	0	0	0	0	0	0	0	0	0	0	0	
0	0	0	0	0	0	0	0	0	0	0	0	
0	0	0	0	0	0	0	0	0	0	0	0	
0	0	0	0	0	0	0	0	0	0	0	0	
0	0	0	0	0	0	0	0	0	0	0	0	
0	0	0	0	0	0	0	0	0	0	0	0	
0	0	0	0	0	0	0	0	0	0	0	0	
0	0	0	0	0	0	0	0	0	0	0	0	
0	0	0	0	0	0	0	0	0	0	0	0	
0	0	0	0	0	0	0	0	0	0	0	0	
0	0	0	0	0	0	0	0	0	0	0	0	
0	0	0	0	0	0	0	0	0	0	0	0	
0	0	0	0	0	0	0	0	0	0	0	0	
0	0	0	0	0	0	0	0	0	0	0	0	
0	0	0	0	0	0	0	0	0	0	0	0	



55
234

20	2	
12	2	
49	2	
7	2	
19	2	
39	3	
36	3	
1	3	
52	3	
6	4	
23	3	
28	3	
40	3	
38	2	
40	2	
18	3	
19	2	
13	3	
12	4	
5	5	
45	5	
18	3	
6	3	
22	3	
48	5	
40	4	
9	3	
45	2	
49	2	
52	2	
23	2	
5	4	
20	2	
11	2	
5	5	
43	3	
45	2	
7	4	
16	5	
14	3	
8	3	
16	2	
20	2	
0	3	
17	4	
54	5	
24	2	
24	2	
26	5	
23	4	
23	2	
24	3	
13	3	
11	4	
6	2	
41	3	
25	5	
23	5	
33	4	
15	5	
28	3	
27	4	
26	2	
31	2	
42	3	
23	2	
8	3	
37	5	
6	3	
51	5	
17	4	
23	4	
43	5	
29	2	
29	3	
44	2	
19	3	
52	2	
35	2	
41	2	
15	3	
54	4	
53	3	
49	3	
40	5	
38	4	
40	2	
32	3	
19	3	
25	3	
7	4	
38	3	
45	5	
50	3	
30	2	
40	4	
13	3	
47	3	
30	3	
7	3	
14	2	
28	2	
6	2	
22	3	
24	5	
36	3	
41	3	
4	2	
28	3	
34	2	
36	3	
45	2	
19	5	
29	2	
34	3	
19	3	
39	2	
18	2	
35	3	
16	3	
24	4	
47	4	
8	2	
4	5	
41	4	
0	2	
9	2	
17	2	
44	2	
4	5	
25	2	
3	5	
2	2	
32	2	
17	2	
42	2	
33	4	
37	3	
16	4	
19	2	
38	3	
42	2	
39	2	
51	5	
29	2	
11	5	
42	2	
24	5	
6	2	
38	4	
41	4	
45	3	
34	2	
9	2	
21	3	
33	5	
46	3	
54	2	
43	3	
7	5	
10	2	
40	4	
45	3	
9	2	
17	3	
25	3	
11	3	
51	2	
37	3	
3	3	
39	4	
17	2	
12	3	
38	2	
29	2	
48	2	
31	2	
17	2	
32	2	
8	3	
53	2	
17	2	
13	5	
20	2	
45	2	
0	2	
22	2	
28	3	
47	4	
46	2	
41	4	
39	2	
50	3	
37	2	
41	2	
5	3	
29	5	
26	4	
49	4	
7	2	
48	5	
10	2	
8	3	
33	3	
0	3	
0	4	
7	3	
38	2	
46	3	
34	2	
42	2	
9	4	
39	4	
21	3	
41	3	
28	5	
50	4	
40	3	
36	2	
27	3	
32	3	
2	3	
1	5	
5	2	
32	4	
3	5	
9	4	
29	2	
19	2	
26	5	
16	2	
36	2	
35	5	
16	4	

