1
100
8

0	0	0	0	0	0	0	0	
0	0	0	0	0	0	0	0	
0	0	0	0	0	0	0	0	
0	0	0	0	0	0	0	0	
0	0	0	0	0	0	0	0	
0	0	0	0	0	0	0	0	
0	0	0	0	0	0	0	0	
0	0	0	0	0	0	0	0	
0	0	0	0	0	0	0	0	
0	0	0	0	0	0	0	0	
0	0	0	0	0	0	0	0	
0	0	0	0	0	0	0	0	
0	0	0	0	0	0	0	0	
0	0	0	0	0	0	0	0	
0	0	0	0	0	0	0	0	
0	0	0	0	0	0	0	0	
0	0	0	0	0	0	0	0	
0	0	0	0	0	0	0	0	
0	0	0	0	0	0	0	0	
0	0	0	0	0	0	0	0	
0	0	0	0	0	0	0	0	
0	0	0	0	0	0	0	0	
0	0	0	0	0	0	0	0	
0	0	0	0	0	0	0	0	
0	0	0	0	0	0	0	0	
0	0	0	0	0	0	0	0	
0	0	0	0	0	0	0	0	
0	0	0	0	0	0	0	0	
0	0	0	0	0	0	0	0	
0	0	0	0	0	0	0	0	
0	0	0	0	0	0	0	0	
0	0	0	0	0	0	0	0	
0	0	0	0	0	0	0	0	
0	0	0	0	0	0	0	0	
0	0	0	0	0	0	0	0	
0	0	0	0	0	0	0	0	
0	0	0	0	0	0	0	0	
0	0	0	0	0	0	0	0	
0	0	0	0	0	0	0	0	
0	0	0	0	0	0	0	0	
0	0	0	0	0	0	0	0	
0	0	0	0	0	0	0	0	
0	0	0	0	0	0	0	0	
0	0	0	0	0	0	0	0	
0	0	0	0	0	0	0	0	
0	0	0	0	0	0	0	0	
0	0	0	0	0	0	0	0	
0	0	0	0	0	0	0	0	
0	0	0	0	0	0	0	0	
0	0	0	0	0	0	0	0	
0	0	0	0	0	0	0	0	
0	0	0	0	0	0	0	0	
0	0	0	0	0	0	0	0	
0	0	0	0	0	0	0	0	
0	0	0	0	0	0	0	0	
0	0	0	0	0	0	0	0	
0	0	0	0	0	0	0	0	
0	0	0	0	0	0	0	0	
0	0	0	0	0	0	0	0	
0	0	0	0	0	0	0	0	
0	0	0	0	0	0	0	0	
0	0	0	0	0	0	0	0	
0	0	0	0	0	0	0	0	
0	0	0	0	0	0	0	0	
0	0	0	0	0	0	0	0	
0	0	0	0	0	0	0	0	
0	0	0	0	0	0	0	0	
0	0	0	0	0	0	0	0	
0	0	0	0	0	0	0	0	
0	0	0	0	0	0	0	0	
0	0	0	0	0	0	0	0	
0	0	0	0	0	0	0	0	
0	0	0	0	0	0	0	0	
0	0	0	0	0	0	0	0	
0	0	0	0	0	0	0	0	
0	0	0	0	0	0	0	0	
0	0	0	0	0	0	0	0	
0	0	0	0	0	0	0	0	
0	0	0	0	0	0	0	0	
0	0	0	0	0	0	0	0	
0	0	0	0	0	0	0	0	
0	0	0	0	0	0	0	0	
0	0	0	0	0	0	0	0	
0	0	0	0	0	0	0	0	
0	0	0	0	0	0	0	0	
0	0	0	0	0	0	0	0	
0	0	0	0	0	0	0	0	
0	0	0	0	0	0	0	0	
0	0	0	0	0	0	0	0	
0	0	0	0	0	0	0	0	
0	0	0	0	0	0	0	0	
0	0	0	0	0	0	0	0	
0	0	0	0	0	0	0	0	
0	0	0	0	0	0	0	0	
0	0	0	0	0	0	0	0	
0	0	0	0	0	0	0	0	
0	0	0	0	0	0	0	0	
0	0	0	0	0	0	0	0	
0	0	0	0	0	0	0	0	
0	0	0	0	0	0	0	0	



51
215

20	5	
25	3	
34	4	
1	3	
7	3	
39	5	
2	3	
47	3	
0	3	
1	4	
44	2	
3	4	
32	2	
19	2	
43	5	
13	2	
37	3	
25	2	
23	2	
16	3	
24	2	
7	2	
9	2	
4	3	
29	3	
44	3	
6	5	
15	3	
9	2	
12	3	
40	2	
3	3	
32	4	
5	3	
43	3	
34	3	
27	2	
11	3	
28	3	
18	2	
19	3	
45	3	
6	3	
5	3	
9	5	
26	5	
44	3	
47	4	
18	2	
17	2	
44	2	
27	2	
34	2	
6	3	
42	2	
1	5	
9	4	
39	5	
15	4	
21	5	
21	3	
26	3	
2	2	
17	2	
21	3	
17	4	
45	2	
31	2	
33	3	
36	5	
0	4	
25	3	
21	4	
4	3	
6	5	
49	4	
28	2	
22	4	
20	2	
41	2	
0	5	
1	2	
13	3	
30	5	
37	3	
18	5	
42	2	
17	5	
0	5	
28	4	
0	5	
26	2	
45	3	
16	2	
17	2	
43	3	
26	3	
49	3	
1	2	
2	3	
7	3	
15	3	
41	2	
28	3	
31	3	
43	5	
39	5	
8	2	
45	5	
41	3	
22	2	
30	2	
5	4	
35	2	
43	2	
34	2	
13	3	
25	4	
48	3	
44	2	
44	4	
30	3	
27	3	
7	4	
43	4	
41	3	
21	5	
24	3	
3	5	
35	2	
31	2	
14	5	
17	5	
31	2	
8	3	
23	4	
37	3	
42	2	
34	3	
34	2	
29	4	
47	5	
27	4	
39	2	
13	5	
46	2	
17	3	
25	4	
4	2	
1	2	
4	2	
1	4	
8	3	
50	2	
10	3	
19	3	
30	5	
28	5	
26	4	
49	4	
31	5	
45	2	
40	2	
27	5	
46	2	
25	3	
46	3	
37	3	
36	2	
31	5	
21	2	
15	2	
36	4	
42	5	
46	3	
8	2	
28	2	
5	2	
49	2	
10	3	
39	3	
33	2	
12	4	
50	3	
49	3	
27	2	
21	2	
43	2	
22	2	
35	2	
26	4	
38	3	
7	4	
12	5	
37	2	
16	3	
45	3	
31	3	
31	4	
24	5	
25	5	
24	3	
13	2	
9	5	
20	3	
14	3	
11	5	
38	2	
30	4	
43	2	
2	2	
36	4	
23	5	
10	2	
48	3	

