1
70
10

0	0	0	0	0	0	0	0	0	0	
0	0	0	0	0	0	0	0	0	0	
0	0	0	0	0	0	0	0	0	0	
0	0	0	0	0	0	0	0	0	0	
0	0	0	0	0	0	0	0	0	0	
0	0	0	0	0	0	0	0	0	0	
0	0	0	0	0	0	0	0	0	0	
0	0	0	0	0	0	0	0	0	0	
0	0	0	0	0	0	0	0	0	0	
0	0	0	0	0	0	0	0	0	0	
0	0	0	0	0	0	0	0	0	0	
0	0	0	0	0	0	0	0	0	0	
0	0	0	0	0	0	0	0	0	0	
0	0	0	0	0	0	0	0	0	0	
0	0	0	0	0	0	0	0	0	0	
0	0	0	0	0	0	0	0	0	0	
0	0	0	0	0	0	0	0	0	0	
0	0	0	0	0	0	0	0	0	0	
0	0	0	0	0	0	0	0	0	0	
0	0	0	0	0	0	0	0	0	0	
0	0	0	0	0	0	0	0	0	0	
0	0	0	0	0	0	0	0	0	0	
0	0	0	0	0	0	0	0	0	0	
0	0	0	0	0	0	0	0	0	0	
0	0	0	0	0	0	0	0	0	0	
0	0	0	0	0	0	0	0	0	0	
0	0	0	0	0	0	0	0	0	0	
0	0	0	0	0	0	0	0	0	0	
0	0	0	0	0	0	0	0	0	0	
0	0	0	0	0	0	0	0	0	0	
0	0	0	0	0	0	0	0	0	0	
0	0	0	0	0	0	0	0	0	0	
0	0	0	0	0	0	0	0	0	0	
0	0	0	0	0	0	0	0	0	0	
0	0	0	0	0	0	0	0	0	0	
0	0	0	0	0	0	0	0	0	0	
0	0	0	0	0	0	0	0	0	0	
0	0	0	0	0	0	0	0	0	0	
0	0	0	0	0	0	0	0	0	0	
0	0	0	0	0	0	0	0	0	0	
0	0	0	0	0	0	0	0	0	0	
0	0	0	0	0	0	0	0	0	0	
0	0	0	0	0	0	0	0	0	0	
0	0	0	0	0	0	0	0	0	0	
0	0	0	0	0	0	0	0	0	0	
0	0	0	0	0	0	0	0	0	0	
0	0	0	0	0	0	0	0	0	0	
0	0	0	0	0	0	0	0	0	0	
0	0	0	0	0	0	0	0	0	0	
0	0	0	0	0	0	0	0	0	0	
0	0	0	0	0	0	0	0	0	0	
0	0	0	0	0	0	0	0	0	0	
0	0	0	0	0	0	0	0	0	0	
0	0	0	0	0	0	0	0	0	0	
0	0	0	0	0	0	0	0	0	0	
0	0	0	0	0	0	0	0	0	0	
0	0	0	0	0	0	0	0	0	0	
0	0	0	0	0	0	0	0	0	0	
0	0	0	0	0	0	0	0	0	0	
0	0	0	0	0	0	0	0	0	0	
0	0	0	0	0	0	0	0	0	0	
0	0	0	0	0	0	0	0	0	0	
0	0	0	0	0	0	0	0	0	0	
0	0	0	0	0	0	0	0	0	0	
0	0	0	0	0	0	0	0	0	0	
0	0	0	0	0	0	0	0	0	0	
0	0	0	0	0	0	0	0	0	0	
0	0	0	0	0	0	0	0	0	0	
0	0	0	0	0	0	0	0	0	0	
0	0	0	0	0	0	0	0	0	0	



44
191

16	5	
32	2	
20	3	
12	2	
11	5	
29	2	
21	5	
26	3	
26	2	
43	5	
1	2	
3	3	
26	2	
33	3	
19	2	
5	5	
0	3	
40	2	
37	2	
28	4	
26	2	
5	2	
9	3	
10	3	
43	2	
40	2	
32	2	
16	3	
12	2	
24	2	
39	2	
35	2	
0	4	
3	3	
34	2	
28	5	
22	3	
22	5	
6	2	
3	4	
41	5	
34	2	
32	3	
39	2	
20	2	
23	5	
14	5	
37	2	
0	2	
14	4	
35	3	
26	5	
24	4	
38	2	
35	4	
40	5	
21	2	
33	4	
20	3	
36	3	
10	2	
11	3	
17	3	
28	2	
42	4	
31	4	
30	5	
15	5	
38	2	
15	5	
14	5	
8	3	
12	3	
42	4	
33	2	
28	4	
7	2	
2	5	
43	3	
32	5	
42	3	
13	4	
14	2	
29	5	
22	2	
27	2	
9	2	
40	3	
42	5	
3	2	
37	5	
37	2	
0	2	
0	2	
13	2	
14	2	
2	3	
17	5	
42	3	
37	3	
31	2	
30	5	
4	5	
37	2	
12	3	
25	3	
42	4	
1	2	
23	5	
18	3	
41	2	
8	2	
13	2	
26	2	
0	2	
22	5	
35	2	
30	3	
26	5	
31	2	
28	3	
33	2	
14	4	
20	4	
6	5	
21	4	
0	3	
8	3	
25	4	
16	5	
39	3	
0	3	
21	3	
8	2	
3	5	
17	2	
35	5	
23	2	
10	4	
2	2	
19	3	
20	2	
5	2	
32	2	
36	2	
14	3	
35	3	
25	2	
37	3	
16	3	
2	4	
27	4	
28	4	
9	4	
40	3	
31	5	
6	3	
3	3	
2	3	
20	2	
23	3	
5	5	
2	5	
7	3	
24	5	
22	4	
20	3	
13	2	
18	2	
9	2	
14	2	
33	5	
12	2	
42	2	
31	3	
20	3	
33	2	
35	3	
4	3	
17	3	
36	2	
26	3	
39	2	
37	2	
28	4	
1	3	
12	3	
40	3	
33	5	
11	2	
31	2	

