1
70
10

0	0	0	0	0	0	0	0	0	0	
0	0	0	0	0	0	0	0	0	0	
0	0	0	0	0	0	0	0	0	0	
0	0	0	0	0	0	0	0	0	0	
0	0	0	0	0	0	0	0	0	0	
0	0	0	0	0	0	0	0	0	0	
0	0	0	0	0	0	0	0	0	0	
0	0	0	0	0	0	0	0	0	0	
0	0	0	0	0	0	0	0	0	0	
0	0	0	0	0	0	0	0	0	0	
0	0	0	0	0	0	0	0	0	0	
0	0	0	0	0	0	0	0	0	0	
0	0	0	0	0	0	0	0	0	0	
0	0	0	0	0	0	0	0	0	0	
0	0	0	0	0	0	0	0	0	0	
0	0	0	0	0	0	0	0	0	0	
0	0	0	0	0	0	0	0	0	0	
0	0	0	0	0	0	0	0	0	0	
0	0	0	0	0	0	0	0	0	0	
0	0	0	0	0	0	0	0	0	0	
0	0	0	0	0	0	0	0	0	0	
0	0	0	0	0	0	0	0	0	0	
0	0	0	0	0	0	0	0	0	0	
0	0	0	0	0	0	0	0	0	0	
0	0	0	0	0	0	0	0	0	0	
0	0	0	0	0	0	0	0	0	0	
0	0	0	0	0	0	0	0	0	0	
0	0	0	0	0	0	0	0	0	0	
0	0	0	0	0	0	0	0	0	0	
0	0	0	0	0	0	0	0	0	0	
0	0	0	0	0	0	0	0	0	0	
0	0	0	0	0	0	0	0	0	0	
0	0	0	0	0	0	0	0	0	0	
0	0	0	0	0	0	0	0	0	0	
0	0	0	0	0	0	0	0	0	0	
0	0	0	0	0	0	0	0	0	0	
0	0	0	0	0	0	0	0	0	0	
0	0	0	0	0	0	0	0	0	0	
0	0	0	0	0	0	0	0	0	0	
0	0	0	0	0	0	0	0	0	0	
0	0	0	0	0	0	0	0	0	0	
0	0	0	0	0	0	0	0	0	0	
0	0	0	0	0	0	0	0	0	0	
0	0	0	0	0	0	0	0	0	0	
0	0	0	0	0	0	0	0	0	0	
0	0	0	0	0	0	0	0	0	0	
0	0	0	0	0	0	0	0	0	0	
0	0	0	0	0	0	0	0	0	0	
0	0	0	0	0	0	0	0	0	0	
0	0	0	0	0	0	0	0	0	0	
0	0	0	0	0	0	0	0	0	0	
0	0	0	0	0	0	0	0	0	0	
0	0	0	0	0	0	0	0	0	0	
0	0	0	0	0	0	0	0	0	0	
0	0	0	0	0	0	0	0	0	0	
0	0	0	0	0	0	0	0	0	0	
0	0	0	0	0	0	0	0	0	0	
0	0	0	0	0	0	0	0	0	0	
0	0	0	0	0	0	0	0	0	0	
0	0	0	0	0	0	0	0	0	0	
0	0	0	0	0	0	0	0	0	0	
0	0	0	0	0	0	0	0	0	0	
0	0	0	0	0	0	0	0	0	0	
0	0	0	0	0	0	0	0	0	0	
0	0	0	0	0	0	0	0	0	0	
0	0	0	0	0	0	0	0	0	0	
0	0	0	0	0	0	0	0	0	0	
0	0	0	0	0	0	0	0	0	0	
0	0	0	0	0	0	0	0	0	0	
0	0	0	0	0	0	0	0	0	0	



47
192

12	2	
18	3	
12	2	
30	3	
6	3	
3	3	
41	3	
19	2	
29	3	
46	3	
12	2	
32	2	
36	4	
10	2	
15	5	
40	3	
9	2	
40	3	
21	2	
18	2	
15	2	
32	3	
15	2	
33	2	
45	2	
19	2	
38	2	
45	2	
20	5	
4	5	
37	3	
16	2	
44	3	
13	3	
28	3	
5	3	
25	3	
29	3	
33	2	
27	3	
20	3	
34	2	
37	3	
32	2	
8	3	
35	4	
35	2	
31	5	
14	3	
36	3	
23	3	
8	4	
15	2	
40	2	
13	5	
33	5	
31	3	
39	2	
13	4	
1	3	
6	2	
22	5	
0	5	
43	5	
21	3	
9	4	
44	4	
2	3	
14	3	
16	2	
26	2	
39	3	
21	3	
2	4	
32	3	
27	5	
30	3	
19	3	
24	3	
24	5	
7	4	
18	3	
17	3	
34	3	
3	2	
28	3	
46	3	
20	3	
8	3	
38	3	
40	5	
5	3	
14	2	
18	2	
11	2	
15	2	
27	4	
4	3	
13	2	
31	3	
18	2	
32	4	
38	4	
15	3	
18	4	
19	2	
22	2	
10	3	
5	4	
15	5	
25	5	
8	2	
8	5	
21	5	
34	3	
1	5	
36	3	
10	5	
34	5	
14	2	
35	4	
27	4	
39	5	
10	2	
20	5	
9	4	
5	3	
30	3	
33	2	
25	2	
1	2	
19	5	
37	3	
44	2	
16	5	
4	3	
30	2	
30	5	
44	4	
21	5	
21	3	
45	2	
46	4	
5	5	
12	2	
0	2	
46	3	
31	3	
33	4	
10	3	
21	2	
34	2	
46	3	
4	3	
30	3	
10	3	
18	3	
1	5	
35	2	
3	5	
44	4	
31	2	
5	3	
44	5	
46	3	
9	2	
21	2	
26	2	
42	4	
17	3	
15	3	
11	3	
43	3	
8	2	
27	2	
31	2	
13	5	
39	2	
27	5	
23	3	
41	2	
37	2	
14	2	
10	3	
42	3	
33	2	
23	4	
10	3	
27	2	
7	3	
23	3	
18	2	

