1
70
10

0	0	0	0	0	0	0	0	0	0	
0	0	0	0	0	0	0	0	0	0	
0	0	0	0	0	0	0	0	0	0	
0	0	0	0	0	0	0	0	0	0	
0	0	0	0	0	0	0	0	0	0	
0	0	0	0	0	0	0	0	0	0	
0	0	0	0	0	0	0	0	0	0	
0	0	0	0	0	0	0	0	0	0	
0	0	0	0	0	0	0	0	0	0	
0	0	0	0	0	0	0	0	0	0	
0	0	0	0	0	0	0	0	0	0	
0	0	0	0	0	0	0	0	0	0	
0	0	0	0	0	0	0	0	0	0	
0	0	0	0	0	0	0	0	0	0	
0	0	0	0	0	0	0	0	0	0	
0	0	0	0	0	0	0	0	0	0	
0	0	0	0	0	0	0	0	0	0	
0	0	0	0	0	0	0	0	0	0	
0	0	0	0	0	0	0	0	0	0	
0	0	0	0	0	0	0	0	0	0	
0	0	0	0	0	0	0	0	0	0	
0	0	0	0	0	0	0	0	0	0	
0	0	0	0	0	0	0	0	0	0	
0	0	0	0	0	0	0	0	0	0	
0	0	0	0	0	0	0	0	0	0	
0	0	0	0	0	0	0	0	0	0	
0	0	0	0	0	0	0	0	0	0	
0	0	0	0	0	0	0	0	0	0	
0	0	0	0	0	0	0	0	0	0	
0	0	0	0	0	0	0	0	0	0	
0	0	0	0	0	0	0	0	0	0	
0	0	0	0	0	0	0	0	0	0	
0	0	0	0	0	0	0	0	0	0	
0	0	0	0	0	0	0	0	0	0	
0	0	0	0	0	0	0	0	0	0	
0	0	0	0	0	0	0	0	0	0	
0	0	0	0	0	0	0	0	0	0	
0	0	0	0	0	0	0	0	0	0	
0	0	0	0	0	0	0	0	0	0	
0	0	0	0	0	0	0	0	0	0	
0	0	0	0	0	0	0	0	0	0	
0	0	0	0	0	0	0	0	0	0	
0	0	0	0	0	0	0	0	0	0	
0	0	0	0	0	0	0	0	0	0	
0	0	0	0	0	0	0	0	0	0	
0	0	0	0	0	0	0	0	0	0	
0	0	0	0	0	0	0	0	0	0	
0	0	0	0	0	0	0	0	0	0	
0	0	0	0	0	0	0	0	0	0	
0	0	0	0	0	0	0	0	0	0	
0	0	0	0	0	0	0	0	0	0	
0	0	0	0	0	0	0	0	0	0	
0	0	0	0	0	0	0	0	0	0	
0	0	0	0	0	0	0	0	0	0	
0	0	0	0	0	0	0	0	0	0	
0	0	0	0	0	0	0	0	0	0	
0	0	0	0	0	0	0	0	0	0	
0	0	0	0	0	0	0	0	0	0	
0	0	0	0	0	0	0	0	0	0	
0	0	0	0	0	0	0	0	0	0	
0	0	0	0	0	0	0	0	0	0	
0	0	0	0	0	0	0	0	0	0	
0	0	0	0	0	0	0	0	0	0	
0	0	0	0	0	0	0	0	0	0	
0	0	0	0	0	0	0	0	0	0	
0	0	0	0	0	0	0	0	0	0	
0	0	0	0	0	0	0	0	0	0	
0	0	0	0	0	0	0	0	0	0	
0	0	0	0	0	0	0	0	0	0	
0	0	0	0	0	0	0	0	0	0	



45
196

28	5	
3	3	
41	2	
12	2	
38	2	
23	2	
32	3	
44	2	
39	5	
9	2	
5	3	
36	2	
43	2	
19	2	
25	4	
26	3	
38	5	
16	4	
33	5	
15	5	
10	2	
43	5	
33	3	
16	2	
12	4	
36	2	
32	3	
36	2	
34	2	
37	3	
17	2	
24	3	
42	3	
44	2	
6	5	
37	2	
35	2	
39	2	
17	3	
27	2	
38	2	
31	2	
37	3	
37	2	
31	5	
19	3	
3	2	
14	3	
18	3	
14	4	
11	3	
29	2	
13	2	
4	4	
40	3	
41	2	
7	3	
8	5	
32	5	
31	3	
15	2	
4	4	
21	2	
17	3	
32	2	
26	2	
15	3	
2	2	
39	2	
10	2	
37	2	
10	3	
27	5	
14	2	
13	2	
39	4	
43	3	
14	5	
44	2	
24	2	
9	4	
13	4	
5	2	
41	3	
6	2	
2	2	
22	4	
30	5	
30	2	
18	2	
38	3	
28	3	
6	3	
8	4	
10	4	
44	3	
17	2	
14	5	
19	2	
26	2	
22	2	
23	5	
21	2	
41	4	
9	4	
36	2	
41	2	
16	2	
40	2	
0	3	
19	3	
39	4	
6	2	
11	3	
23	4	
7	3	
32	2	
12	2	
34	3	
18	3	
1	4	
8	2	
3	2	
1	4	
22	3	
0	2	
38	4	
22	2	
8	5	
23	5	
6	2	
34	3	
1	4	
35	2	
37	2	
4	2	
41	2	
23	4	
5	3	
19	5	
37	2	
17	4	
44	4	
37	2	
23	2	
29	5	
20	4	
15	3	
7	4	
31	2	
28	5	
17	2	
22	3	
44	4	
12	2	
19	2	
41	2	
22	2	
20	5	
17	5	
14	4	
21	3	
36	2	
3	5	
27	2	
41	4	
13	4	
10	4	
42	2	
16	2	
17	4	
14	5	
14	3	
18	4	
10	2	
24	3	
30	5	
10	3	
8	2	
13	3	
42	4	
16	4	
6	5	
38	2	
4	2	
25	4	
22	3	
39	3	
10	2	
27	3	
8	2	
7	5	
35	2	
25	3	
1	5	
3	4	

