1
70
10

0	0	0	0	0	0	0	0	0	0	
0	0	0	0	0	0	0	0	0	0	
0	0	0	0	0	0	0	0	0	0	
0	0	0	0	0	0	0	0	0	0	
0	0	0	0	0	0	0	0	0	0	
0	0	0	0	0	0	0	0	0	0	
0	0	0	0	0	0	0	0	0	0	
0	0	0	0	0	0	0	0	0	0	
0	0	0	0	0	0	0	0	0	0	
0	0	0	0	0	0	0	0	0	0	
0	0	0	0	0	0	0	0	0	0	
0	0	0	0	0	0	0	0	0	0	
0	0	0	0	0	0	0	0	0	0	
0	0	0	0	0	0	0	0	0	0	
0	0	0	0	0	0	0	0	0	0	
0	0	0	0	0	0	0	0	0	0	
0	0	0	0	0	0	0	0	0	0	
0	0	0	0	0	0	0	0	0	0	
0	0	0	0	0	0	0	0	0	0	
0	0	0	0	0	0	0	0	0	0	
0	0	0	0	0	0	0	0	0	0	
0	0	0	0	0	0	0	0	0	0	
0	0	0	0	0	0	0	0	0	0	
0	0	0	0	0	0	0	0	0	0	
0	0	0	0	0	0	0	0	0	0	
0	0	0	0	0	0	0	0	0	0	
0	0	0	0	0	0	0	0	0	0	
0	0	0	0	0	0	0	0	0	0	
0	0	0	0	0	0	0	0	0	0	
0	0	0	0	0	0	0	0	0	0	
0	0	0	0	0	0	0	0	0	0	
0	0	0	0	0	0	0	0	0	0	
0	0	0	0	0	0	0	0	0	0	
0	0	0	0	0	0	0	0	0	0	
0	0	0	0	0	0	0	0	0	0	
0	0	0	0	0	0	0	0	0	0	
0	0	0	0	0	0	0	0	0	0	
0	0	0	0	0	0	0	0	0	0	
0	0	0	0	0	0	0	0	0	0	
0	0	0	0	0	0	0	0	0	0	
0	0	0	0	0	0	0	0	0	0	
0	0	0	0	0	0	0	0	0	0	
0	0	0	0	0	0	0	0	0	0	
0	0	0	0	0	0	0	0	0	0	
0	0	0	0	0	0	0	0	0	0	
0	0	0	0	0	0	0	0	0	0	
0	0	0	0	0	0	0	0	0	0	
0	0	0	0	0	0	0	0	0	0	
0	0	0	0	0	0	0	0	0	0	
0	0	0	0	0	0	0	0	0	0	
0	0	0	0	0	0	0	0	0	0	
0	0	0	0	0	0	0	0	0	0	
0	0	0	0	0	0	0	0	0	0	
0	0	0	0	0	0	0	0	0	0	
0	0	0	0	0	0	0	0	0	0	
0	0	0	0	0	0	0	0	0	0	
0	0	0	0	0	0	0	0	0	0	
0	0	0	0	0	0	0	0	0	0	
0	0	0	0	0	0	0	0	0	0	
0	0	0	0	0	0	0	0	0	0	
0	0	0	0	0	0	0	0	0	0	
0	0	0	0	0	0	0	0	0	0	
0	0	0	0	0	0	0	0	0	0	
0	0	0	0	0	0	0	0	0	0	
0	0	0	0	0	0	0	0	0	0	
0	0	0	0	0	0	0	0	0	0	
0	0	0	0	0	0	0	0	0	0	
0	0	0	0	0	0	0	0	0	0	
0	0	0	0	0	0	0	0	0	0	
0	0	0	0	0	0	0	0	0	0	



47
199

26	5	
14	2	
27	3	
18	2	
19	3	
23	3	
15	2	
21	3	
24	3	
28	2	
14	2	
5	3	
38	5	
34	2	
25	5	
17	3	
8	4	
37	5	
9	2	
26	3	
15	3	
33	2	
18	2	
5	5	
41	2	
5	4	
25	5	
46	3	
18	2	
33	2	
23	3	
45	2	
31	2	
38	5	
22	5	
18	4	
26	5	
35	3	
38	3	
16	2	
16	4	
24	2	
45	4	
42	5	
34	2	
15	3	
25	4	
12	2	
35	3	
0	4	
21	3	
37	3	
15	5	
42	2	
17	3	
38	3	
5	2	
37	5	
21	3	
39	5	
27	2	
44	3	
37	2	
26	2	
2	3	
8	3	
28	5	
11	5	
13	2	
18	4	
22	2	
17	3	
43	2	
44	2	
18	2	
38	4	
24	3	
41	3	
38	2	
31	2	
40	3	
40	3	
20	2	
28	4	
6	2	
14	4	
44	3	
21	2	
40	3	
25	3	
19	3	
32	2	
20	3	
22	2	
2	2	
20	2	
3	3	
37	3	
16	3	
8	4	
24	5	
35	3	
21	3	
45	3	
26	2	
40	4	
11	5	
40	5	
34	3	
1	3	
14	2	
13	2	
0	2	
37	4	
7	5	
20	5	
39	3	
22	2	
24	5	
29	2	
37	2	
4	2	
33	3	
33	2	
46	2	
32	4	
4	4	
9	2	
16	3	
30	2	
38	3	
37	3	
20	2	
12	2	
35	3	
25	2	
2	3	
24	3	
40	3	
15	2	
34	3	
5	2	
22	5	
25	2	
2	2	
3	4	
22	2	
26	3	
5	2	
4	4	
25	2	
0	3	
25	2	
36	3	
43	3	
1	2	
3	3	
26	2	
15	2	
9	2	
44	2	
9	2	
19	4	
41	4	
6	3	
8	2	
24	3	
21	2	
38	2	
5	3	
42	2	
10	3	
12	2	
12	5	
23	3	
36	5	
22	3	
29	2	
45	5	
30	3	
45	5	
44	2	
23	2	
3	5	
16	3	
21	3	
24	3	
31	3	
36	2	
11	2	
20	3	
18	3	
7	3	
8	3	
10	5	
44	2	
4	2	
22	2	
7	4	

