1
90
12

0	0	0	0	0	0	0	0	0	0	0	0	
0	0	0	0	0	0	0	0	0	0	0	0	
0	0	0	0	0	0	0	0	0	0	0	0	
0	0	0	0	0	0	0	0	0	0	0	0	
0	0	0	0	0	0	0	0	0	0	0	0	
0	0	0	0	0	0	0	0	0	0	0	0	
0	0	0	0	0	0	0	0	0	0	0	0	
0	0	0	0	0	0	0	0	0	0	0	0	
0	0	0	0	0	0	0	0	0	0	0	0	
0	0	0	0	0	0	0	0	0	0	0	0	
0	0	0	0	0	0	0	0	0	0	0	0	
0	0	0	0	0	0	0	0	0	0	0	0	
0	0	0	0	0	0	0	0	0	0	0	0	
0	0	0	0	0	0	0	0	0	0	0	0	
0	0	0	0	0	0	0	0	0	0	0	0	
0	0	0	0	0	0	0	0	0	0	0	0	
0	0	0	0	0	0	0	0	0	0	0	0	
0	0	0	0	0	0	0	0	0	0	0	0	
0	0	0	0	0	0	0	0	0	0	0	0	
0	0	0	0	0	0	0	0	0	0	0	0	
0	0	0	0	0	0	0	0	0	0	0	0	
0	0	0	0	0	0	0	0	0	0	0	0	
0	0	0	0	0	0	0	0	0	0	0	0	
0	0	0	0	0	0	0	0	0	0	0	0	
0	0	0	0	0	0	0	0	0	0	0	0	
0	0	0	0	0	0	0	0	0	0	0	0	
0	0	0	0	0	0	0	0	0	0	0	0	
0	0	0	0	0	0	0	0	0	0	0	0	
0	0	0	0	0	0	0	0	0	0	0	0	
0	0	0	0	0	0	0	0	0	0	0	0	
0	0	0	0	0	0	0	0	0	0	0	0	
0	0	0	0	0	0	0	0	0	0	0	0	
0	0	0	0	0	0	0	0	0	0	0	0	
0	0	0	0	0	0	0	0	0	0	0	0	
0	0	0	0	0	0	0	0	0	0	0	0	
0	0	0	0	0	0	0	0	0	0	0	0	
0	0	0	0	0	0	0	0	0	0	0	0	
0	0	0	0	0	0	0	0	0	0	0	0	
0	0	0	0	0	0	0	0	0	0	0	0	
0	0	0	0	0	0	0	0	0	0	0	0	
0	0	0	0	0	0	0	0	0	0	0	0	
0	0	0	0	0	0	0	0	0	0	0	0	
0	0	0	0	0	0	0	0	0	0	0	0	
0	0	0	0	0	0	0	0	0	0	0	0	
0	0	0	0	0	0	0	0	0	0	0	0	
0	0	0	0	0	0	0	0	0	0	0	0	
0	0	0	0	0	0	0	0	0	0	0	0	
0	0	0	0	0	0	0	0	0	0	0	0	
0	0	0	0	0	0	0	0	0	0	0	0	
0	0	0	0	0	0	0	0	0	0	0	0	
0	0	0	0	0	0	0	0	0	0	0	0	
0	0	0	0	0	0	0	0	0	0	0	0	
0	0	0	0	0	0	0	0	0	0	0	0	
0	0	0	0	0	0	0	0	0	0	0	0	
0	0	0	0	0	0	0	0	0	0	0	0	
0	0	0	0	0	0	0	0	0	0	0	0	
0	0	0	0	0	0	0	0	0	0	0	0	
0	0	0	0	0	0	0	0	0	0	0	0	
0	0	0	0	0	0	0	0	0	0	0	0	
0	0	0	0	0	0	0	0	0	0	0	0	
0	0	0	0	0	0	0	0	0	0	0	0	
0	0	0	0	0	0	0	0	0	0	0	0	
0	0	0	0	0	0	0	0	0	0	0	0	
0	0	0	0	0	0	0	0	0	0	0	0	
0	0	0	0	0	0	0	0	0	0	0	0	
0	0	0	0	0	0	0	0	0	0	0	0	
0	0	0	0	0	0	0	0	0	0	0	0	
0	0	0	0	0	0	0	0	0	0	0	0	
0	0	0	0	0	0	0	0	0	0	0	0	
0	0	0	0	0	0	0	0	0	0	0	0	
0	0	0	0	0	0	0	0	0	0	0	0	
0	0	0	0	0	0	0	0	0	0	0	0	
0	0	0	0	0	0	0	0	0	0	0	0	
0	0	0	0	0	0	0	0	0	0	0	0	
0	0	0	0	0	0	0	0	0	0	0	0	
0	0	0	0	0	0	0	0	0	0	0	0	
0	0	0	0	0	0	0	0	0	0	0	0	
0	0	0	0	0	0	0	0	0	0	0	0	
0	0	0	0	0	0	0	0	0	0	0	0	
0	0	0	0	0	0	0	0	0	0	0	0	
0	0	0	0	0	0	0	0	0	0	0	0	
0	0	0	0	0	0	0	0	0	0	0	0	
0	0	0	0	0	0	0	0	0	0	0	0	
0	0	0	0	0	0	0	0	0	0	0	0	
0	0	0	0	0	0	0	0	0	0	0	0	
0	0	0	0	0	0	0	0	0	0	0	0	
0	0	0	0	0	0	0	0	0	0	0	0	
0	0	0	0	0	0	0	0	0	0	0	0	
0	0	0	0	0	0	0	0	0	0	0	0	
0	0	0	0	0	0	0	0	0	0	0	0	



72
300

59	3	
29	4	
57	4	
50	2	
4	4	
28	3	
58	2	
27	2	
3	5	
32	2	
51	2	
32	2	
65	2	
17	2	
7	3	
12	2	
22	5	
21	3	
57	2	
53	3	
20	3	
40	3	
30	2	
56	2	
9	2	
71	4	
50	2	
23	3	
27	3	
13	4	
65	3	
27	2	
12	2	
51	3	
63	3	
23	2	
36	3	
28	2	
30	2	
62	4	
21	2	
1	3	
28	4	
61	2	
24	2	
25	2	
42	2	
34	5	
60	5	
24	2	
7	2	
21	2	
18	3	
65	3	
43	3	
61	3	
33	2	
45	2	
32	2	
41	3	
71	2	
64	3	
44	2	
5	3	
19	2	
29	4	
60	2	
55	2	
3	2	
33	2	
0	2	
41	2	
8	4	
28	3	
51	3	
45	2	
38	2	
33	3	
37	2	
20	5	
20	2	
27	2	
32	2	
62	5	
1	3	
21	3	
13	3	
35	3	
1	3	
31	3	
58	5	
20	4	
69	2	
56	3	
46	5	
42	2	
15	2	
61	4	
31	5	
70	2	
71	3	
63	2	
25	2	
10	3	
53	3	
8	3	
35	2	
12	2	
69	4	
62	2	
50	5	
13	4	
53	5	
54	3	
12	2	
42	2	
60	5	
44	3	
13	3	
28	2	
39	4	
32	5	
25	3	
70	3	
64	3	
61	3	
26	2	
36	3	
5	4	
3	5	
45	2	
21	3	
61	3	
31	4	
70	3	
4	2	
49	5	
6	2	
68	2	
18	2	
45	2	
12	3	
62	2	
18	3	
45	2	
52	2	
45	2	
32	3	
61	5	
56	4	
44	3	
15	3	
27	4	
51	4	
26	2	
26	5	
38	4	
17	5	
3	2	
31	4	
46	2	
21	5	
4	3	
12	3	
53	2	
1	2	
39	4	
20	2	
47	4	
52	5	
37	2	
20	2	
8	4	
49	3	
55	4	
49	2	
51	5	
71	5	
23	5	
70	3	
11	5	
42	3	
66	4	
31	5	
13	4	
70	5	
3	3	
54	2	
0	4	
51	3	
4	2	
68	2	
59	3	
5	2	
6	2	
20	5	
3	2	
20	2	
47	4	
30	4	
66	3	
16	4	
56	3	
16	2	
33	2	
30	2	
17	3	
27	3	
35	3	
9	2	
47	2	
14	3	
8	2	
36	2	
35	2	
49	5	
69	2	
11	3	
43	4	
14	2	
1	5	
14	2	
1	2	
2	2	
3	2	
48	3	
51	2	
6	5	
3	5	
33	5	
22	2	
27	2	
1	2	
45	5	
44	2	
22	4	
48	3	
10	3	
42	2	
18	5	
52	2	
69	2	
14	3	
40	3	
44	2	
7	5	
26	4	
59	3	
49	2	
25	3	
31	2	
11	2	
29	5	
62	5	
34	2	
52	2	
37	3	
53	2	
2	5	
36	3	
13	2	
70	2	
28	5	
22	2	
53	5	
48	5	
18	5	
67	5	
34	3	
63	3	
19	5	
31	3	
36	4	
27	3	
19	3	
32	2	
33	4	
55	5	
40	2	
60	2	
33	5	
43	5	
58	2	
23	2	
28	3	
40	3	
1	2	
49	3	
69	5	
12	3	
28	2	
17	5	
50	5	
13	3	
15	5	
31	3	
67	3	
14	5	
51	3	
53	4	

