1
90
12

0	0	0	0	0	0	0	0	0	0	0	0	
0	0	0	0	0	0	0	0	0	0	0	0	
0	0	0	0	0	0	0	0	0	0	0	0	
0	0	0	0	0	0	0	0	0	0	0	0	
0	0	0	0	0	0	0	0	0	0	0	0	
0	0	0	0	0	0	0	0	0	0	0	0	
0	0	0	0	0	0	0	0	0	0	0	0	
0	0	0	0	0	0	0	0	0	0	0	0	
0	0	0	0	0	0	0	0	0	0	0	0	
0	0	0	0	0	0	0	0	0	0	0	0	
0	0	0	0	0	0	0	0	0	0	0	0	
0	0	0	0	0	0	0	0	0	0	0	0	
0	0	0	0	0	0	0	0	0	0	0	0	
0	0	0	0	0	0	0	0	0	0	0	0	
0	0	0	0	0	0	0	0	0	0	0	0	
0	0	0	0	0	0	0	0	0	0	0	0	
0	0	0	0	0	0	0	0	0	0	0	0	
0	0	0	0	0	0	0	0	0	0	0	0	
0	0	0	0	0	0	0	0	0	0	0	0	
0	0	0	0	0	0	0	0	0	0	0	0	
0	0	0	0	0	0	0	0	0	0	0	0	
0	0	0	0	0	0	0	0	0	0	0	0	
0	0	0	0	0	0	0	0	0	0	0	0	
0	0	0	0	0	0	0	0	0	0	0	0	
0	0	0	0	0	0	0	0	0	0	0	0	
0	0	0	0	0	0	0	0	0	0	0	0	
0	0	0	0	0	0	0	0	0	0	0	0	
0	0	0	0	0	0	0	0	0	0	0	0	
0	0	0	0	0	0	0	0	0	0	0	0	
0	0	0	0	0	0	0	0	0	0	0	0	
0	0	0	0	0	0	0	0	0	0	0	0	
0	0	0	0	0	0	0	0	0	0	0	0	
0	0	0	0	0	0	0	0	0	0	0	0	
0	0	0	0	0	0	0	0	0	0	0	0	
0	0	0	0	0	0	0	0	0	0	0	0	
0	0	0	0	0	0	0	0	0	0	0	0	
0	0	0	0	0	0	0	0	0	0	0	0	
0	0	0	0	0	0	0	0	0	0	0	0	
0	0	0	0	0	0	0	0	0	0	0	0	
0	0	0	0	0	0	0	0	0	0	0	0	
0	0	0	0	0	0	0	0	0	0	0	0	
0	0	0	0	0	0	0	0	0	0	0	0	
0	0	0	0	0	0	0	0	0	0	0	0	
0	0	0	0	0	0	0	0	0	0	0	0	
0	0	0	0	0	0	0	0	0	0	0	0	
0	0	0	0	0	0	0	0	0	0	0	0	
0	0	0	0	0	0	0	0	0	0	0	0	
0	0	0	0	0	0	0	0	0	0	0	0	
0	0	0	0	0	0	0	0	0	0	0	0	
0	0	0	0	0	0	0	0	0	0	0	0	
0	0	0	0	0	0	0	0	0	0	0	0	
0	0	0	0	0	0	0	0	0	0	0	0	
0	0	0	0	0	0	0	0	0	0	0	0	
0	0	0	0	0	0	0	0	0	0	0	0	
0	0	0	0	0	0	0	0	0	0	0	0	
0	0	0	0	0	0	0	0	0	0	0	0	
0	0	0	0	0	0	0	0	0	0	0	0	
0	0	0	0	0	0	0	0	0	0	0	0	
0	0	0	0	0	0	0	0	0	0	0	0	
0	0	0	0	0	0	0	0	0	0	0	0	
0	0	0	0	0	0	0	0	0	0	0	0	
0	0	0	0	0	0	0	0	0	0	0	0	
0	0	0	0	0	0	0	0	0	0	0	0	
0	0	0	0	0	0	0	0	0	0	0	0	
0	0	0	0	0	0	0	0	0	0	0	0	
0	0	0	0	0	0	0	0	0	0	0	0	
0	0	0	0	0	0	0	0	0	0	0	0	
0	0	0	0	0	0	0	0	0	0	0	0	
0	0	0	0	0	0	0	0	0	0	0	0	
0	0	0	0	0	0	0	0	0	0	0	0	
0	0	0	0	0	0	0	0	0	0	0	0	
0	0	0	0	0	0	0	0	0	0	0	0	
0	0	0	0	0	0	0	0	0	0	0	0	
0	0	0	0	0	0	0	0	0	0	0	0	
0	0	0	0	0	0	0	0	0	0	0	0	
0	0	0	0	0	0	0	0	0	0	0	0	
0	0	0	0	0	0	0	0	0	0	0	0	
0	0	0	0	0	0	0	0	0	0	0	0	
0	0	0	0	0	0	0	0	0	0	0	0	
0	0	0	0	0	0	0	0	0	0	0	0	
0	0	0	0	0	0	0	0	0	0	0	0	
0	0	0	0	0	0	0	0	0	0	0	0	
0	0	0	0	0	0	0	0	0	0	0	0	
0	0	0	0	0	0	0	0	0	0	0	0	
0	0	0	0	0	0	0	0	0	0	0	0	
0	0	0	0	0	0	0	0	0	0	0	0	
0	0	0	0	0	0	0	0	0	0	0	0	
0	0	0	0	0	0	0	0	0	0	0	0	
0	0	0	0	0	0	0	0	0	0	0	0	
0	0	0	0	0	0	0	0	0	0	0	0	



73
296

40	3	
30	3	
39	4	
3	2	
32	2	
50	2	
53	3	
50	2	
29	2	
7	3	
6	2	
64	3	
15	5	
5	4	
29	2	
66	4	
19	2	
66	2	
60	2	
33	2	
30	5	
1	4	
4	5	
69	3	
7	2	
62	2	
1	3	
26	3	
33	3	
29	5	
3	4	
6	2	
9	3	
23	4	
50	2	
37	2	
27	5	
33	4	
31	3	
40	3	
30	5	
42	3	
36	2	
38	5	
48	2	
28	5	
64	2	
19	3	
24	2	
58	2	
26	2	
34	3	
6	4	
18	3	
51	3	
67	2	
71	2	
12	2	
64	5	
43	2	
55	2	
48	5	
42	5	
43	3	
56	4	
55	2	
5	2	
31	3	
34	2	
24	2	
12	3	
31	2	
56	2	
40	2	
40	3	
16	2	
40	3	
0	2	
12	4	
6	5	
15	3	
18	5	
10	3	
67	3	
11	3	
70	5	
33	4	
25	5	
42	2	
60	4	
24	2	
4	3	
20	2	
66	3	
72	2	
44	2	
19	5	
46	3	
69	3	
35	2	
7	2	
51	5	
5	4	
51	5	
56	2	
5	4	
10	3	
66	5	
51	3	
68	5	
50	2	
7	4	
10	2	
21	2	
48	5	
12	2	
38	2	
71	3	
32	3	
31	2	
3	2	
13	3	
32	3	
71	5	
19	5	
39	3	
29	3	
34	2	
22	3	
13	2	
19	2	
35	2	
19	5	
51	3	
44	2	
15	2	
41	4	
38	3	
10	2	
25	4	
36	2	
52	3	
38	2	
51	3	
61	2	
61	2	
58	2	
28	5	
7	3	
24	4	
61	4	
38	2	
2	3	
23	3	
10	2	
28	2	
0	4	
34	4	
33	4	
52	5	
17	4	
68	2	
54	2	
71	5	
42	4	
58	2	
15	3	
1	2	
10	3	
22	2	
47	3	
70	4	
69	3	
35	2	
44	5	
23	3	
64	3	
5	3	
68	2	
42	3	
17	3	
34	2	
32	4	
47	4	
51	2	
33	2	
46	3	
13	2	
8	2	
10	4	
9	2	
65	2	
57	2	
41	2	
30	2	
50	5	
61	5	
55	4	
64	3	
22	3	
14	2	
54	2	
1	3	
8	5	
72	4	
48	3	
67	2	
26	2	
60	2	
42	2	
71	5	
26	2	
24	2	
49	3	
40	5	
44	4	
21	4	
1	2	
36	5	
66	5	
68	4	
39	5	
62	4	
5	2	
63	2	
14	4	
4	3	
27	2	
0	5	
57	5	
40	5	
55	2	
5	2	
1	5	
8	4	
20	2	
44	3	
13	2	
7	3	
66	2	
18	5	
0	3	
34	5	
23	5	
48	2	
22	3	
44	3	
39	4	
27	2	
30	5	
42	3	
38	5	
12	2	
7	3	
16	2	
71	3	
56	3	
39	2	
11	3	
37	2	
1	5	
58	3	
21	5	
71	5	
30	3	
30	5	
23	5	
59	3	
42	3	
58	2	
68	2	
6	2	
19	3	
19	3	
28	2	
45	5	
18	3	
53	3	
59	3	
58	2	
2	3	
49	2	
17	2	
17	3	
14	3	
65	2	
45	5	
63	2	
70	4	
35	3	
21	4	
36	2	
1	5	
7	4	
6	5	
46	2	

