1
90
12

0	0	0	0	0	0	0	0	0	0	0	0	
0	0	0	0	0	0	0	0	0	0	0	0	
0	0	0	0	0	0	0	0	0	0	0	0	
0	0	0	0	0	0	0	0	0	0	0	0	
0	0	0	0	0	0	0	0	0	0	0	0	
0	0	0	0	0	0	0	0	0	0	0	0	
0	0	0	0	0	0	0	0	0	0	0	0	
0	0	0	0	0	0	0	0	0	0	0	0	
0	0	0	0	0	0	0	0	0	0	0	0	
0	0	0	0	0	0	0	0	0	0	0	0	
0	0	0	0	0	0	0	0	0	0	0	0	
0	0	0	0	0	0	0	0	0	0	0	0	
0	0	0	0	0	0	0	0	0	0	0	0	
0	0	0	0	0	0	0	0	0	0	0	0	
0	0	0	0	0	0	0	0	0	0	0	0	
0	0	0	0	0	0	0	0	0	0	0	0	
0	0	0	0	0	0	0	0	0	0	0	0	
0	0	0	0	0	0	0	0	0	0	0	0	
0	0	0	0	0	0	0	0	0	0	0	0	
0	0	0	0	0	0	0	0	0	0	0	0	
0	0	0	0	0	0	0	0	0	0	0	0	
0	0	0	0	0	0	0	0	0	0	0	0	
0	0	0	0	0	0	0	0	0	0	0	0	
0	0	0	0	0	0	0	0	0	0	0	0	
0	0	0	0	0	0	0	0	0	0	0	0	
0	0	0	0	0	0	0	0	0	0	0	0	
0	0	0	0	0	0	0	0	0	0	0	0	
0	0	0	0	0	0	0	0	0	0	0	0	
0	0	0	0	0	0	0	0	0	0	0	0	
0	0	0	0	0	0	0	0	0	0	0	0	
0	0	0	0	0	0	0	0	0	0	0	0	
0	0	0	0	0	0	0	0	0	0	0	0	
0	0	0	0	0	0	0	0	0	0	0	0	
0	0	0	0	0	0	0	0	0	0	0	0	
0	0	0	0	0	0	0	0	0	0	0	0	
0	0	0	0	0	0	0	0	0	0	0	0	
0	0	0	0	0	0	0	0	0	0	0	0	
0	0	0	0	0	0	0	0	0	0	0	0	
0	0	0	0	0	0	0	0	0	0	0	0	
0	0	0	0	0	0	0	0	0	0	0	0	
0	0	0	0	0	0	0	0	0	0	0	0	
0	0	0	0	0	0	0	0	0	0	0	0	
0	0	0	0	0	0	0	0	0	0	0	0	
0	0	0	0	0	0	0	0	0	0	0	0	
0	0	0	0	0	0	0	0	0	0	0	0	
0	0	0	0	0	0	0	0	0	0	0	0	
0	0	0	0	0	0	0	0	0	0	0	0	
0	0	0	0	0	0	0	0	0	0	0	0	
0	0	0	0	0	0	0	0	0	0	0	0	
0	0	0	0	0	0	0	0	0	0	0	0	
0	0	0	0	0	0	0	0	0	0	0	0	
0	0	0	0	0	0	0	0	0	0	0	0	
0	0	0	0	0	0	0	0	0	0	0	0	
0	0	0	0	0	0	0	0	0	0	0	0	
0	0	0	0	0	0	0	0	0	0	0	0	
0	0	0	0	0	0	0	0	0	0	0	0	
0	0	0	0	0	0	0	0	0	0	0	0	
0	0	0	0	0	0	0	0	0	0	0	0	
0	0	0	0	0	0	0	0	0	0	0	0	
0	0	0	0	0	0	0	0	0	0	0	0	
0	0	0	0	0	0	0	0	0	0	0	0	
0	0	0	0	0	0	0	0	0	0	0	0	
0	0	0	0	0	0	0	0	0	0	0	0	
0	0	0	0	0	0	0	0	0	0	0	0	
0	0	0	0	0	0	0	0	0	0	0	0	
0	0	0	0	0	0	0	0	0	0	0	0	
0	0	0	0	0	0	0	0	0	0	0	0	
0	0	0	0	0	0	0	0	0	0	0	0	
0	0	0	0	0	0	0	0	0	0	0	0	
0	0	0	0	0	0	0	0	0	0	0	0	
0	0	0	0	0	0	0	0	0	0	0	0	
0	0	0	0	0	0	0	0	0	0	0	0	
0	0	0	0	0	0	0	0	0	0	0	0	
0	0	0	0	0	0	0	0	0	0	0	0	
0	0	0	0	0	0	0	0	0	0	0	0	
0	0	0	0	0	0	0	0	0	0	0	0	
0	0	0	0	0	0	0	0	0	0	0	0	
0	0	0	0	0	0	0	0	0	0	0	0	
0	0	0	0	0	0	0	0	0	0	0	0	
0	0	0	0	0	0	0	0	0	0	0	0	
0	0	0	0	0	0	0	0	0	0	0	0	
0	0	0	0	0	0	0	0	0	0	0	0	
0	0	0	0	0	0	0	0	0	0	0	0	
0	0	0	0	0	0	0	0	0	0	0	0	
0	0	0	0	0	0	0	0	0	0	0	0	
0	0	0	0	0	0	0	0	0	0	0	0	
0	0	0	0	0	0	0	0	0	0	0	0	
0	0	0	0	0	0	0	0	0	0	0	0	
0	0	0	0	0	0	0	0	0	0	0	0	
0	0	0	0	0	0	0	0	0	0	0	0	



70
298

3	3	
22	2	
62	2	
5	2	
15	5	
53	2	
17	4	
28	3	
14	4	
49	2	
42	3	
14	4	
6	4	
19	2	
67	4	
58	2	
2	5	
52	3	
0	4	
30	2	
61	5	
56	5	
59	5	
58	5	
46	4	
64	3	
63	2	
42	5	
45	2	
62	4	
18	4	
39	4	
19	4	
61	2	
40	3	
20	5	
26	2	
43	2	
57	2	
3	2	
53	5	
54	3	
68	2	
50	2	
46	3	
34	3	
48	4	
23	3	
64	4	
11	2	
0	2	
22	2	
0	3	
12	5	
67	3	
45	5	
65	4	
16	5	
48	3	
34	5	
25	2	
53	3	
58	2	
18	2	
4	2	
30	5	
11	3	
27	2	
55	2	
8	4	
43	2	
6	2	
27	5	
3	4	
17	3	
30	2	
27	2	
0	2	
7	2	
15	5	
43	2	
53	5	
37	2	
17	2	
8	3	
5	5	
5	2	
3	3	
58	5	
57	4	
61	3	
16	3	
45	2	
27	5	
32	3	
24	5	
21	3	
18	3	
37	5	
8	3	
20	2	
66	2	
13	2	
28	3	
21	5	
31	2	
34	2	
47	4	
45	2	
36	2	
11	5	
44	2	
24	5	
1	5	
41	2	
46	3	
35	2	
2	4	
37	2	
67	4	
38	2	
54	5	
9	2	
25	2	
4	2	
30	2	
18	2	
59	2	
34	2	
65	2	
3	3	
54	3	
33	4	
66	4	
67	5	
1	3	
52	3	
56	2	
30	2	
7	2	
54	3	
37	2	
6	3	
19	3	
63	2	
23	2	
37	5	
54	3	
30	2	
59	2	
44	4	
31	4	
26	3	
11	3	
5	3	
17	4	
8	2	
6	2	
59	2	
5	2	
37	3	
43	4	
6	2	
53	3	
16	2	
69	2	
55	3	
47	3	
67	5	
49	2	
31	4	
66	4	
27	2	
32	3	
30	2	
40	3	
38	3	
43	3	
57	4	
24	3	
34	2	
5	4	
58	2	
49	3	
62	5	
2	4	
53	3	
43	2	
34	3	
51	2	
36	3	
68	3	
60	4	
48	2	
32	2	
62	2	
57	2	
43	4	
16	5	
3	5	
63	2	
11	3	
39	2	
61	4	
56	2	
63	2	
37	2	
56	5	
29	3	
42	4	
2	4	
67	5	
47	3	
4	4	
41	2	
66	3	
24	3	
10	3	
13	2	
69	2	
12	3	
52	4	
6	2	
45	5	
57	2	
26	5	
27	2	
2	4	
47	5	
58	3	
31	2	
46	4	
4	5	
68	3	
53	3	
60	3	
29	3	
51	3	
42	3	
64	2	
61	4	
4	2	
68	5	
28	4	
57	5	
17	3	
3	5	
33	5	
4	3	
63	2	
41	2	
40	3	
9	2	
69	3	
60	3	
33	2	
68	3	
56	3	
17	3	
55	5	
27	2	
41	2	
0	5	
56	4	
56	2	
58	3	
52	5	
63	2	
2	2	
18	4	
68	2	
48	3	
50	3	
28	3	
62	5	
22	2	
63	2	
27	2	
66	2	
57	3	
52	5	
35	4	
45	3	
34	4	
48	2	
49	2	
68	3	
46	2	
67	3	
58	2	
40	5	
52	2	
63	2	
6	3	
60	2	
57	2	
10	2	
19	3	

