1
90
12

0	0	0	0	0	0	0	0	0	0	0	0	
0	0	0	0	0	0	0	0	0	0	0	0	
0	0	0	0	0	0	0	0	0	0	0	0	
0	0	0	0	0	0	0	0	0	0	0	0	
0	0	0	0	0	0	0	0	0	0	0	0	
0	0	0	0	0	0	0	0	0	0	0	0	
0	0	0	0	0	0	0	0	0	0	0	0	
0	0	0	0	0	0	0	0	0	0	0	0	
0	0	0	0	0	0	0	0	0	0	0	0	
0	0	0	0	0	0	0	0	0	0	0	0	
0	0	0	0	0	0	0	0	0	0	0	0	
0	0	0	0	0	0	0	0	0	0	0	0	
0	0	0	0	0	0	0	0	0	0	0	0	
0	0	0	0	0	0	0	0	0	0	0	0	
0	0	0	0	0	0	0	0	0	0	0	0	
0	0	0	0	0	0	0	0	0	0	0	0	
0	0	0	0	0	0	0	0	0	0	0	0	
0	0	0	0	0	0	0	0	0	0	0	0	
0	0	0	0	0	0	0	0	0	0	0	0	
0	0	0	0	0	0	0	0	0	0	0	0	
0	0	0	0	0	0	0	0	0	0	0	0	
0	0	0	0	0	0	0	0	0	0	0	0	
0	0	0	0	0	0	0	0	0	0	0	0	
0	0	0	0	0	0	0	0	0	0	0	0	
0	0	0	0	0	0	0	0	0	0	0	0	
0	0	0	0	0	0	0	0	0	0	0	0	
0	0	0	0	0	0	0	0	0	0	0	0	
0	0	0	0	0	0	0	0	0	0	0	0	
0	0	0	0	0	0	0	0	0	0	0	0	
0	0	0	0	0	0	0	0	0	0	0	0	
0	0	0	0	0	0	0	0	0	0	0	0	
0	0	0	0	0	0	0	0	0	0	0	0	
0	0	0	0	0	0	0	0	0	0	0	0	
0	0	0	0	0	0	0	0	0	0	0	0	
0	0	0	0	0	0	0	0	0	0	0	0	
0	0	0	0	0	0	0	0	0	0	0	0	
0	0	0	0	0	0	0	0	0	0	0	0	
0	0	0	0	0	0	0	0	0	0	0	0	
0	0	0	0	0	0	0	0	0	0	0	0	
0	0	0	0	0	0	0	0	0	0	0	0	
0	0	0	0	0	0	0	0	0	0	0	0	
0	0	0	0	0	0	0	0	0	0	0	0	
0	0	0	0	0	0	0	0	0	0	0	0	
0	0	0	0	0	0	0	0	0	0	0	0	
0	0	0	0	0	0	0	0	0	0	0	0	
0	0	0	0	0	0	0	0	0	0	0	0	
0	0	0	0	0	0	0	0	0	0	0	0	
0	0	0	0	0	0	0	0	0	0	0	0	
0	0	0	0	0	0	0	0	0	0	0	0	
0	0	0	0	0	0	0	0	0	0	0	0	
0	0	0	0	0	0	0	0	0	0	0	0	
0	0	0	0	0	0	0	0	0	0	0	0	
0	0	0	0	0	0	0	0	0	0	0	0	
0	0	0	0	0	0	0	0	0	0	0	0	
0	0	0	0	0	0	0	0	0	0	0	0	
0	0	0	0	0	0	0	0	0	0	0	0	
0	0	0	0	0	0	0	0	0	0	0	0	
0	0	0	0	0	0	0	0	0	0	0	0	
0	0	0	0	0	0	0	0	0	0	0	0	
0	0	0	0	0	0	0	0	0	0	0	0	
0	0	0	0	0	0	0	0	0	0	0	0	
0	0	0	0	0	0	0	0	0	0	0	0	
0	0	0	0	0	0	0	0	0	0	0	0	
0	0	0	0	0	0	0	0	0	0	0	0	
0	0	0	0	0	0	0	0	0	0	0	0	
0	0	0	0	0	0	0	0	0	0	0	0	
0	0	0	0	0	0	0	0	0	0	0	0	
0	0	0	0	0	0	0	0	0	0	0	0	
0	0	0	0	0	0	0	0	0	0	0	0	
0	0	0	0	0	0	0	0	0	0	0	0	
0	0	0	0	0	0	0	0	0	0	0	0	
0	0	0	0	0	0	0	0	0	0	0	0	
0	0	0	0	0	0	0	0	0	0	0	0	
0	0	0	0	0	0	0	0	0	0	0	0	
0	0	0	0	0	0	0	0	0	0	0	0	
0	0	0	0	0	0	0	0	0	0	0	0	
0	0	0	0	0	0	0	0	0	0	0	0	
0	0	0	0	0	0	0	0	0	0	0	0	
0	0	0	0	0	0	0	0	0	0	0	0	
0	0	0	0	0	0	0	0	0	0	0	0	
0	0	0	0	0	0	0	0	0	0	0	0	
0	0	0	0	0	0	0	0	0	0	0	0	
0	0	0	0	0	0	0	0	0	0	0	0	
0	0	0	0	0	0	0	0	0	0	0	0	
0	0	0	0	0	0	0	0	0	0	0	0	
0	0	0	0	0	0	0	0	0	0	0	0	
0	0	0	0	0	0	0	0	0	0	0	0	
0	0	0	0	0	0	0	0	0	0	0	0	
0	0	0	0	0	0	0	0	0	0	0	0	
0	0	0	0	0	0	0	0	0	0	0	0	



71
303

63	3	
38	2	
52	2	
13	2	
20	3	
51	4	
29	5	
38	4	
47	2	
62	3	
17	3	
26	5	
26	3	
37	5	
24	3	
41	5	
41	2	
11	2	
61	4	
38	2	
3	2	
50	2	
39	3	
9	2	
10	4	
4	2	
22	4	
0	2	
24	3	
17	5	
38	2	
53	4	
16	3	
4	3	
21	2	
53	3	
68	4	
29	5	
10	4	
6	3	
55	3	
50	3	
35	2	
65	3	
30	4	
7	2	
62	3	
6	2	
33	2	
70	2	
39	2	
48	5	
50	4	
56	5	
15	3	
38	3	
17	3	
35	2	
60	3	
68	2	
25	2	
35	4	
20	2	
63	2	
12	5	
7	3	
45	3	
50	2	
0	2	
48	3	
38	3	
67	2	
46	3	
17	2	
1	3	
52	2	
30	3	
47	4	
45	3	
23	5	
66	2	
69	3	
47	2	
33	4	
1	3	
9	2	
26	3	
31	2	
37	3	
58	2	
37	2	
64	2	
2	2	
35	2	
59	3	
35	4	
70	3	
45	2	
0	4	
15	3	
47	5	
20	3	
6	5	
25	4	
52	5	
20	2	
56	2	
43	3	
43	3	
20	5	
42	2	
58	2	
6	5	
36	3	
39	2	
34	3	
45	3	
18	3	
50	2	
5	4	
7	3	
29	4	
36	2	
1	2	
53	4	
56	2	
30	3	
38	4	
19	2	
66	3	
50	4	
37	2	
39	2	
44	3	
13	3	
28	2	
33	2	
15	3	
37	2	
40	5	
45	3	
27	2	
13	2	
16	3	
50	2	
46	2	
52	4	
24	4	
11	4	
1	2	
15	2	
25	3	
30	2	
35	2	
58	3	
46	5	
15	2	
39	5	
11	5	
8	2	
34	2	
12	2	
54	4	
68	4	
58	2	
9	3	
34	2	
65	3	
4	3	
37	3	
27	5	
35	3	
19	2	
22	2	
44	2	
45	5	
29	2	
11	2	
48	2	
68	3	
41	4	
34	2	
68	2	
14	2	
17	3	
36	5	
19	3	
31	2	
47	5	
37	3	
48	3	
70	4	
44	2	
62	2	
24	2	
60	3	
36	3	
34	3	
12	4	
58	3	
47	4	
26	2	
70	3	
13	3	
32	5	
68	3	
5	5	
20	2	
20	5	
45	4	
25	3	
64	2	
45	4	
13	2	
6	2	
32	2	
18	5	
8	3	
47	3	
70	3	
61	2	
58	3	
34	5	
53	2	
38	2	
28	2	
48	4	
39	2	
49	5	
60	3	
69	2	
1	3	
12	2	
50	3	
7	5	
62	5	
47	3	
5	4	
8	4	
64	3	
16	3	
9	2	
17	2	
15	2	
63	2	
29	2	
65	4	
68	2	
65	3	
65	4	
67	3	
42	3	
29	3	
1	2	
13	4	
9	4	
33	3	
54	3	
39	2	
64	2	
1	2	
13	2	
49	5	
19	3	
39	4	
12	3	
56	5	
57	3	
53	2	
65	2	
13	3	
67	2	
21	2	
11	3	
57	3	
58	5	
2	2	
14	4	
23	5	
51	3	
60	4	
16	2	
59	3	
3	5	
55	2	
40	4	
15	2	
30	5	
8	2	
17	2	
9	3	
17	3	
18	5	
53	4	
1	5	
61	2	
20	5	
70	5	
6	3	
9	2	
48	3	
37	3	
34	4	

