1
80
12

0	0	0	0	0	0	0	0	0	0	0	0	
0	0	0	0	0	0	0	0	0	0	0	0	
0	0	0	0	0	0	0	0	0	0	0	0	
0	0	0	0	0	0	0	0	0	0	0	0	
0	0	0	0	0	0	0	0	0	0	0	0	
0	0	0	0	0	0	0	0	0	0	0	0	
0	0	0	0	0	0	0	0	0	0	0	0	
0	0	0	0	0	0	0	0	0	0	0	0	
0	0	0	0	0	0	0	0	0	0	0	0	
0	0	0	0	0	0	0	0	0	0	0	0	
0	0	0	0	0	0	0	0	0	0	0	0	
0	0	0	0	0	0	0	0	0	0	0	0	
0	0	0	0	0	0	0	0	0	0	0	0	
0	0	0	0	0	0	0	0	0	0	0	0	
0	0	0	0	0	0	0	0	0	0	0	0	
0	0	0	0	0	0	0	0	0	0	0	0	
0	0	0	0	0	0	0	0	0	0	0	0	
0	0	0	0	0	0	0	0	0	0	0	0	
0	0	0	0	0	0	0	0	0	0	0	0	
0	0	0	0	0	0	0	0	0	0	0	0	
0	0	0	0	0	0	0	0	0	0	0	0	
0	0	0	0	0	0	0	0	0	0	0	0	
0	0	0	0	0	0	0	0	0	0	0	0	
0	0	0	0	0	0	0	0	0	0	0	0	
0	0	0	0	0	0	0	0	0	0	0	0	
0	0	0	0	0	0	0	0	0	0	0	0	
0	0	0	0	0	0	0	0	0	0	0	0	
0	0	0	0	0	0	0	0	0	0	0	0	
0	0	0	0	0	0	0	0	0	0	0	0	
0	0	0	0	0	0	0	0	0	0	0	0	
0	0	0	0	0	0	0	0	0	0	0	0	
0	0	0	0	0	0	0	0	0	0	0	0	
0	0	0	0	0	0	0	0	0	0	0	0	
0	0	0	0	0	0	0	0	0	0	0	0	
0	0	0	0	0	0	0	0	0	0	0	0	
0	0	0	0	0	0	0	0	0	0	0	0	
0	0	0	0	0	0	0	0	0	0	0	0	
0	0	0	0	0	0	0	0	0	0	0	0	
0	0	0	0	0	0	0	0	0	0	0	0	
0	0	0	0	0	0	0	0	0	0	0	0	
0	0	0	0	0	0	0	0	0	0	0	0	
0	0	0	0	0	0	0	0	0	0	0	0	
0	0	0	0	0	0	0	0	0	0	0	0	
0	0	0	0	0	0	0	0	0	0	0	0	
0	0	0	0	0	0	0	0	0	0	0	0	
0	0	0	0	0	0	0	0	0	0	0	0	
0	0	0	0	0	0	0	0	0	0	0	0	
0	0	0	0	0	0	0	0	0	0	0	0	
0	0	0	0	0	0	0	0	0	0	0	0	
0	0	0	0	0	0	0	0	0	0	0	0	
0	0	0	0	0	0	0	0	0	0	0	0	
0	0	0	0	0	0	0	0	0	0	0	0	
0	0	0	0	0	0	0	0	0	0	0	0	
0	0	0	0	0	0	0	0	0	0	0	0	
0	0	0	0	0	0	0	0	0	0	0	0	
0	0	0	0	0	0	0	0	0	0	0	0	
0	0	0	0	0	0	0	0	0	0	0	0	
0	0	0	0	0	0	0	0	0	0	0	0	
0	0	0	0	0	0	0	0	0	0	0	0	
0	0	0	0	0	0	0	0	0	0	0	0	
0	0	0	0	0	0	0	0	0	0	0	0	
0	0	0	0	0	0	0	0	0	0	0	0	
0	0	0	0	0	0	0	0	0	0	0	0	
0	0	0	0	0	0	0	0	0	0	0	0	
0	0	0	0	0	0	0	0	0	0	0	0	
0	0	0	0	0	0	0	0	0	0	0	0	
0	0	0	0	0	0	0	0	0	0	0	0	
0	0	0	0	0	0	0	0	0	0	0	0	
0	0	0	0	0	0	0	0	0	0	0	0	
0	0	0	0	0	0	0	0	0	0	0	0	
0	0	0	0	0	0	0	0	0	0	0	0	
0	0	0	0	0	0	0	0	0	0	0	0	
0	0	0	0	0	0	0	0	0	0	0	0	
0	0	0	0	0	0	0	0	0	0	0	0	
0	0	0	0	0	0	0	0	0	0	0	0	
0	0	0	0	0	0	0	0	0	0	0	0	
0	0	0	0	0	0	0	0	0	0	0	0	
0	0	0	0	0	0	0	0	0	0	0	0	
0	0	0	0	0	0	0	0	0	0	0	0	
0	0	0	0	0	0	0	0	0	0	0	0	



59
270

50	2	
11	2	
41	2	
8	3	
51	5	
26	2	
36	2	
29	4	
55	3	
2	2	
6	5	
44	2	
20	3	
47	2	
41	4	
35	3	
56	2	
11	3	
28	2	
27	5	
14	2	
17	5	
21	4	
11	4	
5	3	
56	4	
8	5	
47	3	
31	2	
14	2	
53	5	
24	3	
24	5	
57	3	
21	2	
25	2	
18	2	
44	3	
25	5	
0	2	
10	3	
2	2	
8	5	
33	5	
11	4	
49	2	
15	3	
40	5	
1	2	
46	5	
46	2	
45	3	
58	2	
2	3	
47	3	
39	5	
2	2	
21	2	
27	2	
38	3	
10	4	
30	2	
13	3	
56	2	
43	4	
26	5	
32	2	
25	3	
54	4	
56	5	
13	3	
1	2	
22	2	
55	3	
3	2	
11	5	
26	3	
25	3	
57	4	
7	3	
13	2	
45	2	
38	4	
13	2	
54	4	
46	5	
39	5	
29	2	
20	4	
37	3	
33	3	
35	4	
0	4	
6	2	
33	3	
9	3	
18	2	
28	2	
27	2	
46	2	
30	2	
30	4	
15	2	
27	2	
25	4	
58	2	
20	2	
42	2	
0	5	
19	2	
24	4	
14	5	
39	2	
16	2	
36	3	
56	2	
33	2	
40	3	
1	2	
12	4	
23	3	
24	5	
53	5	
38	4	
42	3	
33	2	
40	3	
18	3	
44	5	
0	2	
13	2	
32	2	
18	2	
21	3	
52	3	
33	4	
36	5	
56	2	
33	3	
21	3	
54	2	
15	5	
57	2	
49	3	
2	4	
19	3	
41	2	
14	4	
31	3	
3	2	
16	2	
15	5	
58	4	
49	3	
8	3	
28	2	
18	2	
9	5	
17	5	
15	2	
42	3	
44	2	
56	3	
40	2	
23	2	
5	5	
14	5	
8	4	
12	2	
58	2	
18	5	
23	3	
48	5	
38	4	
3	4	
17	3	
38	2	
20	3	
50	5	
27	3	
37	2	
58	2	
14	3	
40	4	
23	2	
8	3	
34	4	
49	3	
13	3	
31	5	
21	3	
54	5	
48	3	
50	2	
4	2	
48	2	
57	2	
34	5	
42	2	
34	2	
49	2	
52	5	
20	2	
23	2	
54	4	
56	2	
23	3	
33	3	
15	2	
49	3	
2	2	
31	2	
11	2	
50	2	
21	2	
17	4	
26	2	
4	2	
16	4	
46	2	
23	3	
20	5	
54	3	
18	4	
15	2	
14	2	
11	2	
43	4	
46	2	
50	5	
14	2	
4	2	
15	2	
57	2	
23	2	
55	3	
51	3	
54	3	
50	5	
19	2	
42	3	
46	5	
19	2	
42	2	
17	3	
22	3	
7	5	
34	2	
24	2	
54	3	
50	5	
34	2	
46	2	
57	4	
6	3	
51	3	
16	3	
32	3	
24	2	
26	2	
2	2	
47	2	
28	5	
27	5	
17	2	
40	3	
37	3	
27	2	
18	2	
27	2	

