1
80
12

0	0	0	0	0	0	0	0	0	0	0	0	
0	0	0	0	0	0	0	0	0	0	0	0	
0	0	0	0	0	0	0	0	0	0	0	0	
0	0	0	0	0	0	0	0	0	0	0	0	
0	0	0	0	0	0	0	0	0	0	0	0	
0	0	0	0	0	0	0	0	0	0	0	0	
0	0	0	0	0	0	0	0	0	0	0	0	
0	0	0	0	0	0	0	0	0	0	0	0	
0	0	0	0	0	0	0	0	0	0	0	0	
0	0	0	0	0	0	0	0	0	0	0	0	
0	0	0	0	0	0	0	0	0	0	0	0	
0	0	0	0	0	0	0	0	0	0	0	0	
0	0	0	0	0	0	0	0	0	0	0	0	
0	0	0	0	0	0	0	0	0	0	0	0	
0	0	0	0	0	0	0	0	0	0	0	0	
0	0	0	0	0	0	0	0	0	0	0	0	
0	0	0	0	0	0	0	0	0	0	0	0	
0	0	0	0	0	0	0	0	0	0	0	0	
0	0	0	0	0	0	0	0	0	0	0	0	
0	0	0	0	0	0	0	0	0	0	0	0	
0	0	0	0	0	0	0	0	0	0	0	0	
0	0	0	0	0	0	0	0	0	0	0	0	
0	0	0	0	0	0	0	0	0	0	0	0	
0	0	0	0	0	0	0	0	0	0	0	0	
0	0	0	0	0	0	0	0	0	0	0	0	
0	0	0	0	0	0	0	0	0	0	0	0	
0	0	0	0	0	0	0	0	0	0	0	0	
0	0	0	0	0	0	0	0	0	0	0	0	
0	0	0	0	0	0	0	0	0	0	0	0	
0	0	0	0	0	0	0	0	0	0	0	0	
0	0	0	0	0	0	0	0	0	0	0	0	
0	0	0	0	0	0	0	0	0	0	0	0	
0	0	0	0	0	0	0	0	0	0	0	0	
0	0	0	0	0	0	0	0	0	0	0	0	
0	0	0	0	0	0	0	0	0	0	0	0	
0	0	0	0	0	0	0	0	0	0	0	0	
0	0	0	0	0	0	0	0	0	0	0	0	
0	0	0	0	0	0	0	0	0	0	0	0	
0	0	0	0	0	0	0	0	0	0	0	0	
0	0	0	0	0	0	0	0	0	0	0	0	
0	0	0	0	0	0	0	0	0	0	0	0	
0	0	0	0	0	0	0	0	0	0	0	0	
0	0	0	0	0	0	0	0	0	0	0	0	
0	0	0	0	0	0	0	0	0	0	0	0	
0	0	0	0	0	0	0	0	0	0	0	0	
0	0	0	0	0	0	0	0	0	0	0	0	
0	0	0	0	0	0	0	0	0	0	0	0	
0	0	0	0	0	0	0	0	0	0	0	0	
0	0	0	0	0	0	0	0	0	0	0	0	
0	0	0	0	0	0	0	0	0	0	0	0	
0	0	0	0	0	0	0	0	0	0	0	0	
0	0	0	0	0	0	0	0	0	0	0	0	
0	0	0	0	0	0	0	0	0	0	0	0	
0	0	0	0	0	0	0	0	0	0	0	0	
0	0	0	0	0	0	0	0	0	0	0	0	
0	0	0	0	0	0	0	0	0	0	0	0	
0	0	0	0	0	0	0	0	0	0	0	0	
0	0	0	0	0	0	0	0	0	0	0	0	
0	0	0	0	0	0	0	0	0	0	0	0	
0	0	0	0	0	0	0	0	0	0	0	0	
0	0	0	0	0	0	0	0	0	0	0	0	
0	0	0	0	0	0	0	0	0	0	0	0	
0	0	0	0	0	0	0	0	0	0	0	0	
0	0	0	0	0	0	0	0	0	0	0	0	
0	0	0	0	0	0	0	0	0	0	0	0	
0	0	0	0	0	0	0	0	0	0	0	0	
0	0	0	0	0	0	0	0	0	0	0	0	
0	0	0	0	0	0	0	0	0	0	0	0	
0	0	0	0	0	0	0	0	0	0	0	0	
0	0	0	0	0	0	0	0	0	0	0	0	
0	0	0	0	0	0	0	0	0	0	0	0	
0	0	0	0	0	0	0	0	0	0	0	0	
0	0	0	0	0	0	0	0	0	0	0	0	
0	0	0	0	0	0	0	0	0	0	0	0	
0	0	0	0	0	0	0	0	0	0	0	0	
0	0	0	0	0	0	0	0	0	0	0	0	
0	0	0	0	0	0	0	0	0	0	0	0	
0	0	0	0	0	0	0	0	0	0	0	0	
0	0	0	0	0	0	0	0	0	0	0	0	
0	0	0	0	0	0	0	0	0	0	0	0	



65
264

24	4	
36	2	
29	2	
44	2	
14	2	
32	2	
13	2	
51	5	
60	2	
18	5	
56	2	
49	2	
31	4	
22	2	
1	2	
59	2	
17	2	
4	3	
34	3	
0	2	
11	2	
21	3	
4	4	
58	2	
5	4	
46	3	
8	4	
39	4	
28	3	
54	5	
54	2	
42	5	
15	3	
50	3	
44	2	
55	3	
40	2	
12	4	
64	3	
52	3	
30	4	
40	3	
48	2	
38	2	
49	3	
48	3	
63	2	
30	2	
36	3	
54	2	
32	3	
7	3	
50	2	
34	2	
1	2	
43	5	
0	5	
53	4	
60	2	
62	2	
16	3	
6	2	
43	2	
24	5	
61	5	
3	5	
64	2	
17	5	
50	2	
57	5	
36	4	
51	2	
15	3	
33	2	
9	2	
64	4	
27	5	
27	5	
1	5	
32	4	
57	3	
38	5	
36	3	
53	2	
31	2	
28	5	
39	2	
49	2	
61	2	
37	3	
16	4	
47	3	
41	2	
30	5	
59	2	
60	3	
49	3	
41	2	
51	2	
2	3	
50	5	
60	3	
40	2	
13	3	
50	4	
43	2	
43	2	
35	4	
39	2	
2	2	
34	3	
11	2	
34	3	
38	3	
46	2	
54	3	
23	2	
23	3	
25	5	
51	2	
1	2	
59	2	
35	5	
47	3	
32	3	
23	3	
16	4	
3	2	
9	3	
44	2	
27	3	
28	3	
23	5	
40	2	
34	3	
58	5	
33	3	
46	3	
8	2	
12	2	
39	3	
9	3	
26	2	
57	2	
13	4	
55	3	
12	2	
2	2	
17	5	
46	2	
31	3	
31	3	
24	3	
50	2	
35	2	
63	4	
52	5	
53	5	
20	3	
1	3	
11	2	
57	4	
21	3	
37	2	
26	3	
32	5	
52	2	
24	2	
7	3	
29	3	
31	2	
55	2	
20	4	
55	5	
18	2	
24	2	
44	4	
59	4	
10	2	
45	2	
55	2	
44	2	
34	5	
38	3	
64	5	
5	2	
25	3	
20	2	
44	5	
61	2	
14	3	
55	5	
18	3	
24	4	
34	5	
41	4	
25	5	
53	5	
33	3	
25	3	
16	2	
17	4	
51	2	
19	3	
57	2	
39	4	
45	3	
13	2	
50	2	
64	2	
33	4	
17	3	
18	5	
62	3	
19	3	
4	2	
46	5	
53	4	
3	5	
22	2	
32	5	
49	3	
42	2	
17	4	
63	2	
43	3	
3	4	
27	2	
53	2	
0	5	
44	3	
61	5	
58	5	
59	5	
32	2	
42	4	
6	3	
7	2	
10	5	
62	3	
56	2	
6	2	
30	3	
54	3	
59	4	
39	5	
48	2	
32	3	
31	2	
51	4	
64	2	
59	5	
64	5	
20	4	
30	2	
21	4	
2	3	
43	2	
16	3	
29	2	
50	5	
56	2	
40	5	
20	2	

