1
80
12

0	0	0	0	0	0	0	0	0	0	0	0	
0	0	0	0	0	0	0	0	0	0	0	0	
0	0	0	0	0	0	0	0	0	0	0	0	
0	0	0	0	0	0	0	0	0	0	0	0	
0	0	0	0	0	0	0	0	0	0	0	0	
0	0	0	0	0	0	0	0	0	0	0	0	
0	0	0	0	0	0	0	0	0	0	0	0	
0	0	0	0	0	0	0	0	0	0	0	0	
0	0	0	0	0	0	0	0	0	0	0	0	
0	0	0	0	0	0	0	0	0	0	0	0	
0	0	0	0	0	0	0	0	0	0	0	0	
0	0	0	0	0	0	0	0	0	0	0	0	
0	0	0	0	0	0	0	0	0	0	0	0	
0	0	0	0	0	0	0	0	0	0	0	0	
0	0	0	0	0	0	0	0	0	0	0	0	
0	0	0	0	0	0	0	0	0	0	0	0	
0	0	0	0	0	0	0	0	0	0	0	0	
0	0	0	0	0	0	0	0	0	0	0	0	
0	0	0	0	0	0	0	0	0	0	0	0	
0	0	0	0	0	0	0	0	0	0	0	0	
0	0	0	0	0	0	0	0	0	0	0	0	
0	0	0	0	0	0	0	0	0	0	0	0	
0	0	0	0	0	0	0	0	0	0	0	0	
0	0	0	0	0	0	0	0	0	0	0	0	
0	0	0	0	0	0	0	0	0	0	0	0	
0	0	0	0	0	0	0	0	0	0	0	0	
0	0	0	0	0	0	0	0	0	0	0	0	
0	0	0	0	0	0	0	0	0	0	0	0	
0	0	0	0	0	0	0	0	0	0	0	0	
0	0	0	0	0	0	0	0	0	0	0	0	
0	0	0	0	0	0	0	0	0	0	0	0	
0	0	0	0	0	0	0	0	0	0	0	0	
0	0	0	0	0	0	0	0	0	0	0	0	
0	0	0	0	0	0	0	0	0	0	0	0	
0	0	0	0	0	0	0	0	0	0	0	0	
0	0	0	0	0	0	0	0	0	0	0	0	
0	0	0	0	0	0	0	0	0	0	0	0	
0	0	0	0	0	0	0	0	0	0	0	0	
0	0	0	0	0	0	0	0	0	0	0	0	
0	0	0	0	0	0	0	0	0	0	0	0	
0	0	0	0	0	0	0	0	0	0	0	0	
0	0	0	0	0	0	0	0	0	0	0	0	
0	0	0	0	0	0	0	0	0	0	0	0	
0	0	0	0	0	0	0	0	0	0	0	0	
0	0	0	0	0	0	0	0	0	0	0	0	
0	0	0	0	0	0	0	0	0	0	0	0	
0	0	0	0	0	0	0	0	0	0	0	0	
0	0	0	0	0	0	0	0	0	0	0	0	
0	0	0	0	0	0	0	0	0	0	0	0	
0	0	0	0	0	0	0	0	0	0	0	0	
0	0	0	0	0	0	0	0	0	0	0	0	
0	0	0	0	0	0	0	0	0	0	0	0	
0	0	0	0	0	0	0	0	0	0	0	0	
0	0	0	0	0	0	0	0	0	0	0	0	
0	0	0	0	0	0	0	0	0	0	0	0	
0	0	0	0	0	0	0	0	0	0	0	0	
0	0	0	0	0	0	0	0	0	0	0	0	
0	0	0	0	0	0	0	0	0	0	0	0	
0	0	0	0	0	0	0	0	0	0	0	0	
0	0	0	0	0	0	0	0	0	0	0	0	
0	0	0	0	0	0	0	0	0	0	0	0	
0	0	0	0	0	0	0	0	0	0	0	0	
0	0	0	0	0	0	0	0	0	0	0	0	
0	0	0	0	0	0	0	0	0	0	0	0	
0	0	0	0	0	0	0	0	0	0	0	0	
0	0	0	0	0	0	0	0	0	0	0	0	
0	0	0	0	0	0	0	0	0	0	0	0	
0	0	0	0	0	0	0	0	0	0	0	0	
0	0	0	0	0	0	0	0	0	0	0	0	
0	0	0	0	0	0	0	0	0	0	0	0	
0	0	0	0	0	0	0	0	0	0	0	0	
0	0	0	0	0	0	0	0	0	0	0	0	
0	0	0	0	0	0	0	0	0	0	0	0	
0	0	0	0	0	0	0	0	0	0	0	0	
0	0	0	0	0	0	0	0	0	0	0	0	
0	0	0	0	0	0	0	0	0	0	0	0	
0	0	0	0	0	0	0	0	0	0	0	0	
0	0	0	0	0	0	0	0	0	0	0	0	
0	0	0	0	0	0	0	0	0	0	0	0	
0	0	0	0	0	0	0	0	0	0	0	0	



60
264

6	4	
20	3	
48	4	
27	5	
15	2	
13	3	
7	4	
57	3	
17	3	
33	2	
57	5	
38	5	
32	2	
3	5	
15	2	
22	2	
56	2	
13	2	
9	2	
18	3	
2	5	
57	2	
42	2	
5	2	
11	2	
42	4	
2	3	
21	2	
26	3	
26	5	
32	4	
10	3	
17	4	
33	3	
10	2	
37	4	
43	3	
36	3	
42	2	
35	2	
5	2	
55	3	
25	4	
39	3	
31	2	
3	3	
21	3	
49	3	
16	4	
4	2	
39	3	
3	3	
4	2	
42	4	
45	2	
53	4	
9	3	
29	5	
57	4	
17	5	
18	3	
43	3	
54	2	
52	3	
41	4	
48	4	
53	3	
22	2	
14	2	
59	3	
3	5	
19	2	
48	2	
49	5	
20	2	
19	4	
45	2	
3	2	
56	2	
16	4	
56	3	
30	2	
46	4	
54	5	
12	2	
55	3	
15	3	
0	5	
5	2	
52	2	
40	2	
4	2	
10	3	
6	3	
18	5	
24	2	
25	5	
53	3	
2	5	
0	2	
55	2	
16	4	
21	2	
3	5	
32	2	
36	4	
37	2	
39	2	
20	5	
59	2	
19	3	
52	5	
36	3	
23	3	
8	2	
20	2	
37	5	
26	3	
30	3	
23	4	
9	5	
14	5	
50	3	
14	2	
16	5	
39	2	
58	4	
11	3	
4	5	
54	5	
27	2	
7	3	
28	3	
17	2	
47	2	
39	5	
46	5	
36	3	
26	2	
21	2	
35	2	
41	2	
48	5	
18	2	
31	4	
32	3	
15	3	
56	2	
3	3	
41	4	
41	2	
51	3	
12	4	
27	3	
43	3	
34	5	
45	3	
37	5	
10	2	
12	5	
18	4	
48	5	
52	2	
59	3	
27	3	
49	3	
32	3	
1	5	
15	2	
31	2	
4	4	
22	3	
32	2	
15	4	
31	4	
59	3	
15	2	
38	2	
9	2	
12	2	
44	5	
23	5	
26	3	
36	5	
40	4	
31	2	
50	3	
56	2	
59	2	
33	3	
18	2	
45	3	
49	3	
5	4	
36	5	
0	2	
24	2	
43	2	
1	2	
14	3	
39	2	
47	2	
34	2	
31	2	
23	5	
42	4	
44	5	
5	5	
45	3	
5	3	
14	2	
20	2	
28	3	
50	5	
10	2	
1	3	
45	3	
20	3	
20	3	
47	3	
32	2	
53	4	
1	2	
5	5	
32	3	
29	2	
49	3	
36	3	
39	2	
21	2	
25	3	
51	2	
4	5	
3	2	
35	5	
21	2	
35	3	
10	3	
42	3	
59	2	
28	3	
40	2	
51	2	
58	2	
27	5	
41	2	
0	2	
41	2	
14	3	
44	2	
56	2	
26	2	
50	3	
2	2	
50	3	
33	3	
40	3	
52	3	
56	5	
36	5	
8	4	
39	2	
42	5	
56	2	

