1
80
12

0	0	0	0	0	0	0	0	0	0	0	0	
0	0	0	0	0	0	0	0	0	0	0	0	
0	0	0	0	0	0	0	0	0	0	0	0	
0	0	0	0	0	0	0	0	0	0	0	0	
0	0	0	0	0	0	0	0	0	0	0	0	
0	0	0	0	0	0	0	0	0	0	0	0	
0	0	0	0	0	0	0	0	0	0	0	0	
0	0	0	0	0	0	0	0	0	0	0	0	
0	0	0	0	0	0	0	0	0	0	0	0	
0	0	0	0	0	0	0	0	0	0	0	0	
0	0	0	0	0	0	0	0	0	0	0	0	
0	0	0	0	0	0	0	0	0	0	0	0	
0	0	0	0	0	0	0	0	0	0	0	0	
0	0	0	0	0	0	0	0	0	0	0	0	
0	0	0	0	0	0	0	0	0	0	0	0	
0	0	0	0	0	0	0	0	0	0	0	0	
0	0	0	0	0	0	0	0	0	0	0	0	
0	0	0	0	0	0	0	0	0	0	0	0	
0	0	0	0	0	0	0	0	0	0	0	0	
0	0	0	0	0	0	0	0	0	0	0	0	
0	0	0	0	0	0	0	0	0	0	0	0	
0	0	0	0	0	0	0	0	0	0	0	0	
0	0	0	0	0	0	0	0	0	0	0	0	
0	0	0	0	0	0	0	0	0	0	0	0	
0	0	0	0	0	0	0	0	0	0	0	0	
0	0	0	0	0	0	0	0	0	0	0	0	
0	0	0	0	0	0	0	0	0	0	0	0	
0	0	0	0	0	0	0	0	0	0	0	0	
0	0	0	0	0	0	0	0	0	0	0	0	
0	0	0	0	0	0	0	0	0	0	0	0	
0	0	0	0	0	0	0	0	0	0	0	0	
0	0	0	0	0	0	0	0	0	0	0	0	
0	0	0	0	0	0	0	0	0	0	0	0	
0	0	0	0	0	0	0	0	0	0	0	0	
0	0	0	0	0	0	0	0	0	0	0	0	
0	0	0	0	0	0	0	0	0	0	0	0	
0	0	0	0	0	0	0	0	0	0	0	0	
0	0	0	0	0	0	0	0	0	0	0	0	
0	0	0	0	0	0	0	0	0	0	0	0	
0	0	0	0	0	0	0	0	0	0	0	0	
0	0	0	0	0	0	0	0	0	0	0	0	
0	0	0	0	0	0	0	0	0	0	0	0	
0	0	0	0	0	0	0	0	0	0	0	0	
0	0	0	0	0	0	0	0	0	0	0	0	
0	0	0	0	0	0	0	0	0	0	0	0	
0	0	0	0	0	0	0	0	0	0	0	0	
0	0	0	0	0	0	0	0	0	0	0	0	
0	0	0	0	0	0	0	0	0	0	0	0	
0	0	0	0	0	0	0	0	0	0	0	0	
0	0	0	0	0	0	0	0	0	0	0	0	
0	0	0	0	0	0	0	0	0	0	0	0	
0	0	0	0	0	0	0	0	0	0	0	0	
0	0	0	0	0	0	0	0	0	0	0	0	
0	0	0	0	0	0	0	0	0	0	0	0	
0	0	0	0	0	0	0	0	0	0	0	0	
0	0	0	0	0	0	0	0	0	0	0	0	
0	0	0	0	0	0	0	0	0	0	0	0	
0	0	0	0	0	0	0	0	0	0	0	0	
0	0	0	0	0	0	0	0	0	0	0	0	
0	0	0	0	0	0	0	0	0	0	0	0	
0	0	0	0	0	0	0	0	0	0	0	0	
0	0	0	0	0	0	0	0	0	0	0	0	
0	0	0	0	0	0	0	0	0	0	0	0	
0	0	0	0	0	0	0	0	0	0	0	0	
0	0	0	0	0	0	0	0	0	0	0	0	
0	0	0	0	0	0	0	0	0	0	0	0	
0	0	0	0	0	0	0	0	0	0	0	0	
0	0	0	0	0	0	0	0	0	0	0	0	
0	0	0	0	0	0	0	0	0	0	0	0	
0	0	0	0	0	0	0	0	0	0	0	0	
0	0	0	0	0	0	0	0	0	0	0	0	
0	0	0	0	0	0	0	0	0	0	0	0	
0	0	0	0	0	0	0	0	0	0	0	0	
0	0	0	0	0	0	0	0	0	0	0	0	
0	0	0	0	0	0	0	0	0	0	0	0	
0	0	0	0	0	0	0	0	0	0	0	0	
0	0	0	0	0	0	0	0	0	0	0	0	
0	0	0	0	0	0	0	0	0	0	0	0	
0	0	0	0	0	0	0	0	0	0	0	0	
0	0	0	0	0	0	0	0	0	0	0	0	



58
268

20	5	
17	2	
15	2	
17	2	
29	3	
15	3	
15	2	
7	4	
39	5	
39	4	
40	2	
1	2	
12	2	
37	2	
30	3	
20	3	
5	2	
30	4	
50	3	
8	3	
26	5	
24	2	
20	2	
27	4	
35	5	
9	4	
28	2	
37	3	
24	3	
44	4	
40	3	
4	5	
22	5	
13	2	
24	3	
1	3	
31	4	
34	2	
31	2	
11	5	
48	2	
21	4	
19	3	
11	4	
5	2	
35	2	
7	2	
2	3	
48	2	
57	5	
39	3	
11	2	
45	2	
23	2	
24	2	
14	3	
47	2	
29	3	
25	3	
35	3	
6	3	
55	2	
49	3	
15	5	
53	2	
1	3	
28	5	
44	5	
42	3	
4	2	
43	3	
40	2	
6	4	
2	3	
53	2	
31	4	
49	3	
9	2	
37	3	
9	4	
16	2	
57	2	
13	3	
18	3	
1	3	
45	3	
5	2	
41	3	
34	3	
2	2	
39	2	
43	4	
11	2	
14	5	
49	2	
49	4	
22	3	
52	3	
39	2	
8	3	
8	2	
45	5	
32	3	
53	2	
23	5	
53	2	
46	2	
52	5	
53	3	
19	3	
28	2	
23	2	
45	3	
45	2	
40	3	
35	3	
51	5	
24	4	
42	5	
42	2	
47	4	
34	2	
12	2	
54	2	
38	2	
50	3	
46	3	
27	3	
38	3	
50	5	
57	3	
43	3	
39	3	
52	2	
27	5	
34	2	
23	4	
9	2	
2	2	
18	3	
24	3	
30	3	
43	2	
54	5	
20	4	
2	2	
54	2	
28	4	
6	3	
10	2	
54	2	
26	5	
39	5	
49	4	
56	2	
6	3	
49	5	
47	2	
25	4	
10	2	
21	3	
49	2	
15	5	
3	2	
9	5	
19	3	
50	3	
32	2	
34	3	
4	2	
27	2	
40	4	
30	5	
56	2	
51	5	
57	4	
54	2	
42	5	
6	5	
13	2	
39	3	
0	3	
4	5	
50	3	
0	2	
41	2	
54	3	
53	2	
38	3	
57	2	
46	3	
10	5	
30	2	
16	5	
40	4	
9	4	
54	2	
33	2	
45	3	
42	5	
25	2	
21	2	
57	2	
34	5	
20	3	
35	3	
34	3	
23	4	
6	5	
55	2	
35	2	
24	2	
36	3	
15	2	
38	3	
22	3	
36	3	
41	5	
13	4	
32	4	
1	2	
50	3	
12	3	
29	3	
49	2	
19	2	
43	2	
29	5	
50	2	
33	5	
21	4	
55	5	
12	3	
38	5	
19	3	
31	2	
46	3	
1	5	
30	3	
34	2	
57	2	
33	2	
19	2	
53	2	
25	3	
45	3	
35	3	
42	2	
42	2	
12	2	
33	5	
2	2	
35	3	
9	2	
31	4	
9	3	
45	3	
3	2	
2	4	
32	3	
5	2	
36	2	
53	5	
41	3	
31	5	
37	2	
24	2	
42	2	

