1
100
12

0	0	0	0	0	0	0	0	0	0	0	0	
0	0	0	0	0	0	0	0	0	0	0	0	
0	0	0	0	0	0	0	0	0	0	0	0	
0	0	0	0	0	0	0	0	0	0	0	0	
0	0	0	0	0	0	0	0	0	0	0	0	
0	0	0	0	0	0	0	0	0	0	0	0	
0	0	0	0	0	0	0	0	0	0	0	0	
0	0	0	0	0	0	0	0	0	0	0	0	
0	0	0	0	0	0	0	0	0	0	0	0	
0	0	0	0	0	0	0	0	0	0	0	0	
0	0	0	0	0	0	0	0	0	0	0	0	
0	0	0	0	0	0	0	0	0	0	0	0	
0	0	0	0	0	0	0	0	0	0	0	0	
0	0	0	0	0	0	0	0	0	0	0	0	
0	0	0	0	0	0	0	0	0	0	0	0	
0	0	0	0	0	0	0	0	0	0	0	0	
0	0	0	0	0	0	0	0	0	0	0	0	
0	0	0	0	0	0	0	0	0	0	0	0	
0	0	0	0	0	0	0	0	0	0	0	0	
0	0	0	0	0	0	0	0	0	0	0	0	
0	0	0	0	0	0	0	0	0	0	0	0	
0	0	0	0	0	0	0	0	0	0	0	0	
0	0	0	0	0	0	0	0	0	0	0	0	
0	0	0	0	0	0	0	0	0	0	0	0	
0	0	0	0	0	0	0	0	0	0	0	0	
0	0	0	0	0	0	0	0	0	0	0	0	
0	0	0	0	0	0	0	0	0	0	0	0	
0	0	0	0	0	0	0	0	0	0	0	0	
0	0	0	0	0	0	0	0	0	0	0	0	
0	0	0	0	0	0	0	0	0	0	0	0	
0	0	0	0	0	0	0	0	0	0	0	0	
0	0	0	0	0	0	0	0	0	0	0	0	
0	0	0	0	0	0	0	0	0	0	0	0	
0	0	0	0	0	0	0	0	0	0	0	0	
0	0	0	0	0	0	0	0	0	0	0	0	
0	0	0	0	0	0	0	0	0	0	0	0	
0	0	0	0	0	0	0	0	0	0	0	0	
0	0	0	0	0	0	0	0	0	0	0	0	
0	0	0	0	0	0	0	0	0	0	0	0	
0	0	0	0	0	0	0	0	0	0	0	0	
0	0	0	0	0	0	0	0	0	0	0	0	
0	0	0	0	0	0	0	0	0	0	0	0	
0	0	0	0	0	0	0	0	0	0	0	0	
0	0	0	0	0	0	0	0	0	0	0	0	
0	0	0	0	0	0	0	0	0	0	0	0	
0	0	0	0	0	0	0	0	0	0	0	0	
0	0	0	0	0	0	0	0	0	0	0	0	
0	0	0	0	0	0	0	0	0	0	0	0	
0	0	0	0	0	0	0	0	0	0	0	0	
0	0	0	0	0	0	0	0	0	0	0	0	
0	0	0	0	0	0	0	0	0	0	0	0	
0	0	0	0	0	0	0	0	0	0	0	0	
0	0	0	0	0	0	0	0	0	0	0	0	
0	0	0	0	0	0	0	0	0	0	0	0	
0	0	0	0	0	0	0	0	0	0	0	0	
0	0	0	0	0	0	0	0	0	0	0	0	
0	0	0	0	0	0	0	0	0	0	0	0	
0	0	0	0	0	0	0	0	0	0	0	0	
0	0	0	0	0	0	0	0	0	0	0	0	
0	0	0	0	0	0	0	0	0	0	0	0	
0	0	0	0	0	0	0	0	0	0	0	0	
0	0	0	0	0	0	0	0	0	0	0	0	
0	0	0	0	0	0	0	0	0	0	0	0	
0	0	0	0	0	0	0	0	0	0	0	0	
0	0	0	0	0	0	0	0	0	0	0	0	
0	0	0	0	0	0	0	0	0	0	0	0	
0	0	0	0	0	0	0	0	0	0	0	0	
0	0	0	0	0	0	0	0	0	0	0	0	
0	0	0	0	0	0	0	0	0	0	0	0	
0	0	0	0	0	0	0	0	0	0	0	0	
0	0	0	0	0	0	0	0	0	0	0	0	
0	0	0	0	0	0	0	0	0	0	0	0	
0	0	0	0	0	0	0	0	0	0	0	0	
0	0	0	0	0	0	0	0	0	0	0	0	
0	0	0	0	0	0	0	0	0	0	0	0	
0	0	0	0	0	0	0	0	0	0	0	0	
0	0	0	0	0	0	0	0	0	0	0	0	
0	0	0	0	0	0	0	0	0	0	0	0	
0	0	0	0	0	0	0	0	0	0	0	0	
0	0	0	0	0	0	0	0	0	0	0	0	
0	0	0	0	0	0	0	0	0	0	0	0	
0	0	0	0	0	0	0	0	0	0	0	0	
0	0	0	0	0	0	0	0	0	0	0	0	
0	0	0	0	0	0	0	0	0	0	0	0	
0	0	0	0	0	0	0	0	0	0	0	0	
0	0	0	0	0	0	0	0	0	0	0	0	
0	0	0	0	0	0	0	0	0	0	0	0	
0	0	0	0	0	0	0	0	0	0	0	0	
0	0	0	0	0	0	0	0	0	0	0	0	
0	0	0	0	0	0	0	0	0	0	0	0	
0	0	0	0	0	0	0	0	0	0	0	0	
0	0	0	0	0	0	0	0	0	0	0	0	
0	0	0	0	0	0	0	0	0	0	0	0	
0	0	0	0	0	0	0	0	0	0	0	0	
0	0	0	0	0	0	0	0	0	0	0	0	
0	0	0	0	0	0	0	0	0	0	0	0	
0	0	0	0	0	0	0	0	0	0	0	0	
0	0	0	0	0	0	0	0	0	0	0	0	
0	0	0	0	0	0	0	0	0	0	0	0	
0	0	0	0	0	0	0	0	0	0	0	0	



82
335

62	5	
16	3	
34	4	
19	2	
54	5	
21	2	
15	2	
24	2	
20	4	
77	2	
56	4	
63	2	
53	2	
59	2	
2	4	
52	5	
71	5	
57	3	
15	2	
40	3	
44	2	
20	2	
71	5	
29	2	
31	3	
24	5	
72	4	
81	3	
45	2	
23	3	
45	3	
11	3	
6	5	
30	4	
50	2	
6	3	
43	4	
60	4	
73	3	
53	5	
44	3	
79	4	
71	3	
41	3	
28	5	
55	3	
16	3	
52	3	
80	3	
44	3	
33	5	
22	3	
6	4	
19	2	
46	2	
39	2	
30	3	
37	4	
55	4	
25	2	
14	4	
55	4	
9	2	
52	3	
27	2	
39	3	
16	2	
25	3	
16	2	
31	2	
69	2	
36	2	
14	4	
30	3	
10	3	
61	2	
51	4	
71	2	
67	2	
63	2	
42	5	
51	2	
0	2	
5	4	
40	2	
40	4	
26	5	
47	5	
54	2	
28	5	
39	3	
1	3	
11	4	
46	3	
66	4	
4	2	
77	2	
26	5	
27	3	
11	3	
76	2	
15	2	
5	4	
27	2	
43	2	
58	2	
12	3	
38	3	
39	2	
31	2	
28	2	
11	2	
4	2	
67	3	
53	2	
66	2	
74	2	
52	2	
79	4	
24	3	
72	2	
31	3	
14	2	
78	5	
41	4	
61	3	
53	4	
59	2	
16	5	
4	5	
23	3	
0	2	
17	3	
20	3	
25	2	
70	2	
67	3	
47	2	
68	2	
57	3	
44	2	
53	5	
19	2	
38	3	
6	3	
56	2	
9	5	
65	2	
78	3	
45	2	
69	2	
35	3	
66	3	
7	2	
14	3	
73	2	
13	2	
49	2	
62	2	
34	2	
61	2	
31	5	
43	5	
34	5	
4	3	
7	2	
49	3	
59	2	
81	3	
72	2	
20	2	
65	3	
37	2	
79	4	
31	3	
63	3	
48	5	
59	4	
71	2	
47	2	
2	2	
16	2	
27	5	
53	2	
72	2	
38	5	
38	2	
25	5	
3	3	
55	3	
49	5	
67	4	
67	2	
35	4	
72	2	
12	3	
59	4	
16	2	
52	3	
48	3	
26	4	
1	5	
17	2	
43	4	
72	2	
14	2	
51	5	
52	4	
41	4	
5	2	
51	3	
16	5	
62	3	
12	2	
7	3	
45	2	
48	2	
23	3	
72	2	
37	5	
32	5	
8	2	
19	2	
36	4	
10	4	
50	2	
8	5	
0	2	
57	3	
64	3	
67	2	
74	2	
34	5	
79	3	
38	3	
59	3	
26	3	
52	3	
23	3	
22	5	
41	2	
19	5	
23	3	
29	2	
66	3	
70	4	
0	2	
17	3	
56	3	
35	4	
57	2	
80	2	
60	2	
67	5	
48	5	
59	5	
4	2	
43	5	
14	5	
51	3	
11	2	
70	3	
58	2	
76	3	
53	3	
42	2	
38	3	
5	2	
45	2	
34	3	
24	2	
70	5	
26	2	
21	5	
14	5	
18	2	
23	2	
33	2	
35	4	
75	2	
25	3	
36	2	
9	3	
45	5	
54	3	
25	3	
36	5	
4	3	
15	4	
42	2	
4	3	
73	3	
65	4	
43	3	
56	2	
10	5	
32	2	
10	2	
69	3	
31	2	
24	2	
24	2	
24	3	
34	4	
58	4	
19	3	
77	2	
21	3	
76	3	
25	4	
43	5	
81	5	
30	3	
3	5	
75	4	
72	3	
40	2	
64	5	
18	3	
76	2	
18	2	
13	3	
25	4	
68	3	
73	2	
11	2	
56	2	
43	3	
0	3	
59	2	
12	2	
62	2	
24	4	
46	3	
12	3	

