1
100
8

0	0	0	0	0	0	0	0	
0	0	0	0	0	0	0	0	
0	0	0	0	0	0	0	0	
0	0	0	0	0	0	0	0	
0	0	0	0	0	0	0	0	
0	0	0	0	0	0	0	0	
0	0	0	0	0	0	0	0	
0	0	0	0	0	0	0	0	
0	0	0	0	0	0	0	0	
0	0	0	0	0	0	0	0	
0	0	0	0	0	0	0	0	
0	0	0	0	0	0	0	0	
0	0	0	0	0	0	0	0	
0	0	0	0	0	0	0	0	
0	0	0	0	0	0	0	0	
0	0	0	0	0	0	0	0	
0	0	0	0	0	0	0	0	
0	0	0	0	0	0	0	0	
0	0	0	0	0	0	0	0	
0	0	0	0	0	0	0	0	
0	0	0	0	0	0	0	0	
0	0	0	0	0	0	0	0	
0	0	0	0	0	0	0	0	
0	0	0	0	0	0	0	0	
0	0	0	0	0	0	0	0	
0	0	0	0	0	0	0	0	
0	0	0	0	0	0	0	0	
0	0	0	0	0	0	0	0	
0	0	0	0	0	0	0	0	
0	0	0	0	0	0	0	0	
0	0	0	0	0	0	0	0	
0	0	0	0	0	0	0	0	
0	0	0	0	0	0	0	0	
0	0	0	0	0	0	0	0	
0	0	0	0	0	0	0	0	
0	0	0	0	0	0	0	0	
0	0	0	0	0	0	0	0	
0	0	0	0	0	0	0	0	
0	0	0	0	0	0	0	0	
0	0	0	0	0	0	0	0	
0	0	0	0	0	0	0	0	
0	0	0	0	0	0	0	0	
0	0	0	0	0	0	0	0	
0	0	0	0	0	0	0	0	
0	0	0	0	0	0	0	0	
0	0	0	0	0	0	0	0	
0	0	0	0	0	0	0	0	
0	0	0	0	0	0	0	0	
0	0	0	0	0	0	0	0	
0	0	0	0	0	0	0	0	
0	0	0	0	0	0	0	0	
0	0	0	0	0	0	0	0	
0	0	0	0	0	0	0	0	
0	0	0	0	0	0	0	0	
0	0	0	0	0	0	0	0	
0	0	0	0	0	0	0	0	
0	0	0	0	0	0	0	0	
0	0	0	0	0	0	0	0	
0	0	0	0	0	0	0	0	
0	0	0	0	0	0	0	0	
0	0	0	0	0	0	0	0	
0	0	0	0	0	0	0	0	
0	0	0	0	0	0	0	0	
0	0	0	0	0	0	0	0	
0	0	0	0	0	0	0	0	
0	0	0	0	0	0	0	0	
0	0	0	0	0	0	0	0	
0	0	0	0	0	0	0	0	
0	0	0	0	0	0	0	0	
0	0	0	0	0	0	0	0	
0	0	0	0	0	0	0	0	
0	0	0	0	0	0	0	0	
0	0	0	0	0	0	0	0	
0	0	0	0	0	0	0	0	
0	0	0	0	0	0	0	0	
0	0	0	0	0	0	0	0	
0	0	0	0	0	0	0	0	
0	0	0	0	0	0	0	0	
0	0	0	0	0	0	0	0	
0	0	0	0	0	0	0	0	
0	0	0	0	0	0	0	0	
0	0	0	0	0	0	0	0	
0	0	0	0	0	0	0	0	
0	0	0	0	0	0	0	0	
0	0	0	0	0	0	0	0	
0	0	0	0	0	0	0	0	
0	0	0	0	0	0	0	0	
0	0	0	0	0	0	0	0	
0	0	0	0	0	0	0	0	
0	0	0	0	0	0	0	0	
0	0	0	0	0	0	0	0	
0	0	0	0	0	0	0	0	
0	0	0	0	0	0	0	0	
0	0	0	0	0	0	0	0	
0	0	0	0	0	0	0	0	
0	0	0	0	0	0	0	0	
0	0	0	0	0	0	0	0	
0	0	0	0	0	0	0	0	
0	0	0	0	0	0	0	0	
0	0	0	0	0	0	0	0	



52
232

2	5	
14	2	
33	2	
27	3	
16	4	
46	3	
23	5	
22	2	
8	2	
22	4	
19	3	
7	2	
49	5	
41	3	
38	2	
38	2	
22	2	
50	2	
32	3	
6	2	
46	3	
21	3	
1	5	
30	3	
27	5	
18	2	
23	2	
2	2	
44	2	
38	3	
31	3	
14	5	
7	3	
39	2	
26	3	
25	2	
25	2	
2	5	
13	5	
34	3	
13	2	
38	3	
27	4	
14	2	
17	2	
34	2	
44	2	
43	3	
7	2	
16	2	
5	2	
41	3	
19	2	
30	5	
32	2	
26	2	
44	2	
11	5	
3	2	
32	2	
25	3	
20	3	
4	3	
25	3	
10	3	
26	5	
11	5	
20	2	
38	3	
18	3	
49	3	
37	3	
41	5	
31	4	
38	5	
36	4	
5	5	
2	2	
31	2	
10	2	
23	5	
1	4	
34	2	
3	2	
34	3	
13	2	
23	5	
30	2	
10	2	
0	2	
24	4	
27	3	
13	3	
49	3	
15	4	
22	2	
49	5	
27	2	
33	2	
33	5	
50	2	
49	2	
35	2	
29	2	
34	2	
22	2	
49	4	
0	4	
35	2	
0	4	
41	5	
40	5	
12	3	
34	2	
35	2	
8	3	
47	2	
51	5	
23	2	
37	3	
23	2	
31	4	
34	2	
42	2	
17	3	
42	2	
43	5	
15	2	
14	3	
43	2	
4	3	
11	5	
14	2	
20	2	
28	4	
36	4	
30	2	
2	5	
40	3	
39	3	
36	2	
9	2	
0	5	
14	2	
25	5	
44	2	
23	2	
36	3	
2	3	
18	3	
26	3	
41	5	
42	2	
3	5	
19	2	
42	3	
48	3	
48	2	
18	5	
49	2	
10	2	
16	2	
5	3	
14	5	
42	3	
31	2	
7	2	
37	2	
20	2	
6	2	
35	3	
29	5	
45	2	
51	2	
4	2	
34	3	
45	4	
49	5	
2	5	
1	3	
38	3	
42	2	
37	2	
43	2	
24	3	
26	2	
2	2	
11	2	
13	2	
12	2	
27	2	
37	2	
41	2	
21	5	
48	2	
27	2	
20	2	
4	2	
21	5	
6	2	
31	3	
44	2	
12	2	
25	3	
29	4	
47	2	
45	3	
44	2	
28	3	
38	3	
4	4	
18	2	
16	2	
42	2	
43	3	
47	5	
5	3	
11	5	
11	3	
24	2	
32	2	
47	5	
50	3	
43	5	
10	2	
9	2	
50	5	
26	2	
43	2	
9	2	
42	3	
24	2	

