1
70
8

0	0	0	0	0	0	0	0	
0	0	0	0	0	0	0	0	
0	0	0	0	0	0	0	0	
0	0	0	0	0	0	0	0	
0	0	0	0	0	0	0	0	
0	0	0	0	0	0	0	0	
0	0	0	0	0	0	0	0	
0	0	0	0	0	0	0	0	
0	0	0	0	0	0	0	0	
0	0	0	0	0	0	0	0	
0	0	0	0	0	0	0	0	
0	0	0	0	0	0	0	0	
0	0	0	0	0	0	0	0	
0	0	0	0	0	0	0	0	
0	0	0	0	0	0	0	0	
0	0	0	0	0	0	0	0	
0	0	0	0	0	0	0	0	
0	0	0	0	0	0	0	0	
0	0	0	0	0	0	0	0	
0	0	0	0	0	0	0	0	
0	0	0	0	0	0	0	0	
0	0	0	0	0	0	0	0	
0	0	0	0	0	0	0	0	
0	0	0	0	0	0	0	0	
0	0	0	0	0	0	0	0	
0	0	0	0	0	0	0	0	
0	0	0	0	0	0	0	0	
0	0	0	0	0	0	0	0	
0	0	0	0	0	0	0	0	
0	0	0	0	0	0	0	0	
0	0	0	0	0	0	0	0	
0	0	0	0	0	0	0	0	
0	0	0	0	0	0	0	0	
0	0	0	0	0	0	0	0	
0	0	0	0	0	0	0	0	
0	0	0	0	0	0	0	0	
0	0	0	0	0	0	0	0	
0	0	0	0	0	0	0	0	
0	0	0	0	0	0	0	0	
0	0	0	0	0	0	0	0	
0	0	0	0	0	0	0	0	
0	0	0	0	0	0	0	0	
0	0	0	0	0	0	0	0	
0	0	0	0	0	0	0	0	
0	0	0	0	0	0	0	0	
0	0	0	0	0	0	0	0	
0	0	0	0	0	0	0	0	
0	0	0	0	0	0	0	0	
0	0	0	0	0	0	0	0	
0	0	0	0	0	0	0	0	
0	0	0	0	0	0	0	0	
0	0	0	0	0	0	0	0	
0	0	0	0	0	0	0	0	
0	0	0	0	0	0	0	0	
0	0	0	0	0	0	0	0	
0	0	0	0	0	0	0	0	
0	0	0	0	0	0	0	0	
0	0	0	0	0	0	0	0	
0	0	0	0	0	0	0	0	
0	0	0	0	0	0	0	0	
0	0	0	0	0	0	0	0	
0	0	0	0	0	0	0	0	
0	0	0	0	0	0	0	0	
0	0	0	0	0	0	0	0	
0	0	0	0	0	0	0	0	
0	0	0	0	0	0	0	0	
0	0	0	0	0	0	0	0	
0	0	0	0	0	0	0	0	
0	0	0	0	0	0	0	0	
0	0	0	0	0	0	0	0	



36
153

4	5	
28	3	
18	2	
26	4	
35	2	
22	4	
12	3	
4	4	
12	3	
19	3	
16	3	
2	3	
25	2	
9	3	
31	3	
19	2	
1	2	
11	2	
0	2	
35	4	
14	2	
16	2	
20	2	
17	5	
22	3	
35	2	
28	5	
5	2	
1	3	
15	5	
32	3	
21	2	
27	2	
33	2	
31	2	
18	4	
24	5	
34	3	
25	4	
14	4	
19	3	
15	2	
22	4	
13	2	
6	3	
11	5	
28	3	
11	3	
11	2	
34	5	
14	3	
1	3	
14	2	
23	2	
3	2	
25	3	
26	4	
8	2	
17	3	
12	2	
14	3	
29	2	
3	3	
11	3	
10	4	
15	3	
15	3	
10	5	
7	2	
2	5	
31	3	
17	3	
18	4	
12	2	
25	3	
8	5	
30	3	
9	3	
28	5	
22	2	
1	2	
35	2	
6	5	
6	2	
2	3	
2	5	
10	3	
0	2	
6	2	
19	2	
20	4	
4	2	
27	2	
20	4	
14	5	
30	3	
6	3	
25	3	
15	2	
23	2	
15	5	
34	2	
25	2	
7	3	
28	3	
22	2	
12	5	
10	4	
15	4	
35	3	
20	3	
19	5	
1	2	
3	2	
15	4	
5	2	
19	2	
12	5	
0	3	
10	3	
21	3	
10	3	
19	3	
4	2	
12	5	
33	3	
16	4	
14	3	
24	5	
35	2	
25	3	
18	2	
26	5	
13	5	
32	5	
11	2	
4	4	
32	4	
4	5	
0	3	
18	3	
6	3	
4	2	
14	2	
6	3	
6	2	
26	3	
1	2	
32	5	
1	4	
5	2	
4	4	
29	3	

