1
70
8

0	0	0	0	0	0	0	0	
0	0	0	0	0	0	0	0	
0	0	0	0	0	0	0	0	
0	0	0	0	0	0	0	0	
0	0	0	0	0	0	0	0	
0	0	0	0	0	0	0	0	
0	0	0	0	0	0	0	0	
0	0	0	0	0	0	0	0	
0	0	0	0	0	0	0	0	
0	0	0	0	0	0	0	0	
0	0	0	0	0	0	0	0	
0	0	0	0	0	0	0	0	
0	0	0	0	0	0	0	0	
0	0	0	0	0	0	0	0	
0	0	0	0	0	0	0	0	
0	0	0	0	0	0	0	0	
0	0	0	0	0	0	0	0	
0	0	0	0	0	0	0	0	
0	0	0	0	0	0	0	0	
0	0	0	0	0	0	0	0	
0	0	0	0	0	0	0	0	
0	0	0	0	0	0	0	0	
0	0	0	0	0	0	0	0	
0	0	0	0	0	0	0	0	
0	0	0	0	0	0	0	0	
0	0	0	0	0	0	0	0	
0	0	0	0	0	0	0	0	
0	0	0	0	0	0	0	0	
0	0	0	0	0	0	0	0	
0	0	0	0	0	0	0	0	
0	0	0	0	0	0	0	0	
0	0	0	0	0	0	0	0	
0	0	0	0	0	0	0	0	
0	0	0	0	0	0	0	0	
0	0	0	0	0	0	0	0	
0	0	0	0	0	0	0	0	
0	0	0	0	0	0	0	0	
0	0	0	0	0	0	0	0	
0	0	0	0	0	0	0	0	
0	0	0	0	0	0	0	0	
0	0	0	0	0	0	0	0	
0	0	0	0	0	0	0	0	
0	0	0	0	0	0	0	0	
0	0	0	0	0	0	0	0	
0	0	0	0	0	0	0	0	
0	0	0	0	0	0	0	0	
0	0	0	0	0	0	0	0	
0	0	0	0	0	0	0	0	
0	0	0	0	0	0	0	0	
0	0	0	0	0	0	0	0	
0	0	0	0	0	0	0	0	
0	0	0	0	0	0	0	0	
0	0	0	0	0	0	0	0	
0	0	0	0	0	0	0	0	
0	0	0	0	0	0	0	0	
0	0	0	0	0	0	0	0	
0	0	0	0	0	0	0	0	
0	0	0	0	0	0	0	0	
0	0	0	0	0	0	0	0	
0	0	0	0	0	0	0	0	
0	0	0	0	0	0	0	0	
0	0	0	0	0	0	0	0	
0	0	0	0	0	0	0	0	
0	0	0	0	0	0	0	0	
0	0	0	0	0	0	0	0	
0	0	0	0	0	0	0	0	
0	0	0	0	0	0	0	0	
0	0	0	0	0	0	0	0	
0	0	0	0	0	0	0	0	
0	0	0	0	0	0	0	0	



36
156

14	2	
9	2	
26	3	
7	3	
11	4	
34	2	
4	5	
24	2	
29	5	
35	4	
18	3	
35	2	
31	2	
35	4	
23	5	
29	2	
25	2	
35	2	
25	5	
8	4	
5	5	
23	2	
15	2	
7	4	
3	3	
14	4	
21	5	
20	3	
18	2	
8	2	
5	5	
13	3	
32	2	
20	3	
21	5	
1	4	
23	2	
12	2	
29	5	
27	2	
32	3	
32	3	
6	2	
6	2	
18	2	
14	3	
9	2	
7	3	
19	4	
17	4	
19	3	
12	2	
5	2	
26	2	
12	3	
10	2	
0	3	
31	4	
14	5	
4	2	
27	3	
32	5	
18	4	
28	2	
33	2	
22	3	
21	2	
21	3	
35	3	
7	2	
25	2	
35	3	
22	2	
12	2	
4	3	
34	2	
28	2	
20	3	
19	2	
7	5	
19	2	
33	3	
18	2	
3	3	
6	5	
19	3	
9	3	
5	4	
2	3	
12	2	
33	3	
35	3	
8	3	
4	3	
21	3	
4	5	
16	3	
35	4	
18	2	
1	5	
27	3	
2	5	
19	5	
29	2	
24	2	
17	3	
31	2	
15	3	
30	3	
16	2	
4	5	
27	2	
33	4	
7	4	
6	5	
15	2	
14	4	
16	5	
6	3	
18	3	
12	3	
26	3	
7	4	
8	4	
16	2	
18	3	
27	3	
21	3	
12	5	
10	2	
33	2	
2	3	
20	2	
23	2	
14	3	
27	2	
33	3	
12	5	
0	2	
3	3	
30	3	
35	3	
4	2	
30	5	
0	3	
29	3	
6	2	
19	4	
5	2	
21	2	
13	3	
11	5	
21	2	
22	4	
4	3	
5	2	

