1
70
8

0	0	0	0	0	0	0	0	
0	0	0	0	0	0	0	0	
0	0	0	0	0	0	0	0	
0	0	0	0	0	0	0	0	
0	0	0	0	0	0	0	0	
0	0	0	0	0	0	0	0	
0	0	0	0	0	0	0	0	
0	0	0	0	0	0	0	0	
0	0	0	0	0	0	0	0	
0	0	0	0	0	0	0	0	
0	0	0	0	0	0	0	0	
0	0	0	0	0	0	0	0	
0	0	0	0	0	0	0	0	
0	0	0	0	0	0	0	0	
0	0	0	0	0	0	0	0	
0	0	0	0	0	0	0	0	
0	0	0	0	0	0	0	0	
0	0	0	0	0	0	0	0	
0	0	0	0	0	0	0	0	
0	0	0	0	0	0	0	0	
0	0	0	0	0	0	0	0	
0	0	0	0	0	0	0	0	
0	0	0	0	0	0	0	0	
0	0	0	0	0	0	0	0	
0	0	0	0	0	0	0	0	
0	0	0	0	0	0	0	0	
0	0	0	0	0	0	0	0	
0	0	0	0	0	0	0	0	
0	0	0	0	0	0	0	0	
0	0	0	0	0	0	0	0	
0	0	0	0	0	0	0	0	
0	0	0	0	0	0	0	0	
0	0	0	0	0	0	0	0	
0	0	0	0	0	0	0	0	
0	0	0	0	0	0	0	0	
0	0	0	0	0	0	0	0	
0	0	0	0	0	0	0	0	
0	0	0	0	0	0	0	0	
0	0	0	0	0	0	0	0	
0	0	0	0	0	0	0	0	
0	0	0	0	0	0	0	0	
0	0	0	0	0	0	0	0	
0	0	0	0	0	0	0	0	
0	0	0	0	0	0	0	0	
0	0	0	0	0	0	0	0	
0	0	0	0	0	0	0	0	
0	0	0	0	0	0	0	0	
0	0	0	0	0	0	0	0	
0	0	0	0	0	0	0	0	
0	0	0	0	0	0	0	0	
0	0	0	0	0	0	0	0	
0	0	0	0	0	0	0	0	
0	0	0	0	0	0	0	0	
0	0	0	0	0	0	0	0	
0	0	0	0	0	0	0	0	
0	0	0	0	0	0	0	0	
0	0	0	0	0	0	0	0	
0	0	0	0	0	0	0	0	
0	0	0	0	0	0	0	0	
0	0	0	0	0	0	0	0	
0	0	0	0	0	0	0	0	
0	0	0	0	0	0	0	0	
0	0	0	0	0	0	0	0	
0	0	0	0	0	0	0	0	
0	0	0	0	0	0	0	0	
0	0	0	0	0	0	0	0	
0	0	0	0	0	0	0	0	
0	0	0	0	0	0	0	0	
0	0	0	0	0	0	0	0	
0	0	0	0	0	0	0	0	



35
159

2	2	
13	4	
8	4	
32	2	
20	2	
30	3	
6	2	
9	3	
29	4	
6	2	
23	3	
2	2	
20	3	
0	2	
26	2	
34	4	
19	3	
27	3	
29	5	
1	2	
21	3	
12	4	
27	3	
26	2	
32	3	
1	5	
15	5	
3	5	
33	2	
14	3	
19	3	
13	2	
25	2	
23	2	
29	3	
6	2	
3	2	
28	3	
31	4	
0	3	
4	2	
26	3	
16	5	
28	2	
0	5	
34	3	
13	4	
25	2	
18	3	
13	5	
19	3	
24	2	
34	3	
19	2	
10	3	
12	2	
29	2	
6	2	
2	4	
18	2	
10	3	
20	3	
19	2	
29	3	
21	3	
29	3	
4	2	
34	4	
30	2	
8	2	
2	5	
26	3	
6	3	
12	2	
7	3	
11	2	
6	4	
32	2	
3	5	
31	2	
6	4	
22	4	
9	3	
3	5	
15	3	
13	2	
33	2	
11	5	
23	5	
22	3	
18	3	
20	2	
5	5	
32	3	
8	4	
26	4	
2	3	
33	2	
19	3	
21	2	
32	4	
5	2	
19	2	
32	4	
4	5	
27	5	
12	3	
33	2	
31	3	
2	5	
14	2	
11	2	
31	5	
0	5	
33	2	
10	2	
20	2	
30	3	
33	3	
25	3	
30	3	
17	2	
17	3	
33	3	
5	2	
8	3	
7	3	
19	3	
16	3	
1	3	
6	2	
9	2	
20	2	
24	2	
27	4	
29	4	
34	2	
14	2	
8	2	
5	5	
23	3	
23	3	
34	4	
34	2	
2	3	
1	5	
32	5	
3	2	
29	2	
16	3	
17	2	
26	2	
20	3	
2	2	
11	3	
7	2	
10	2	
20	4	
0	3	

