1
70
8

0	0	0	0	0	0	0	0	
0	0	0	0	0	0	0	0	
0	0	0	0	0	0	0	0	
0	0	0	0	0	0	0	0	
0	0	0	0	0	0	0	0	
0	0	0	0	0	0	0	0	
0	0	0	0	0	0	0	0	
0	0	0	0	0	0	0	0	
0	0	0	0	0	0	0	0	
0	0	0	0	0	0	0	0	
0	0	0	0	0	0	0	0	
0	0	0	0	0	0	0	0	
0	0	0	0	0	0	0	0	
0	0	0	0	0	0	0	0	
0	0	0	0	0	0	0	0	
0	0	0	0	0	0	0	0	
0	0	0	0	0	0	0	0	
0	0	0	0	0	0	0	0	
0	0	0	0	0	0	0	0	
0	0	0	0	0	0	0	0	
0	0	0	0	0	0	0	0	
0	0	0	0	0	0	0	0	
0	0	0	0	0	0	0	0	
0	0	0	0	0	0	0	0	
0	0	0	0	0	0	0	0	
0	0	0	0	0	0	0	0	
0	0	0	0	0	0	0	0	
0	0	0	0	0	0	0	0	
0	0	0	0	0	0	0	0	
0	0	0	0	0	0	0	0	
0	0	0	0	0	0	0	0	
0	0	0	0	0	0	0	0	
0	0	0	0	0	0	0	0	
0	0	0	0	0	0	0	0	
0	0	0	0	0	0	0	0	
0	0	0	0	0	0	0	0	
0	0	0	0	0	0	0	0	
0	0	0	0	0	0	0	0	
0	0	0	0	0	0	0	0	
0	0	0	0	0	0	0	0	
0	0	0	0	0	0	0	0	
0	0	0	0	0	0	0	0	
0	0	0	0	0	0	0	0	
0	0	0	0	0	0	0	0	
0	0	0	0	0	0	0	0	
0	0	0	0	0	0	0	0	
0	0	0	0	0	0	0	0	
0	0	0	0	0	0	0	0	
0	0	0	0	0	0	0	0	
0	0	0	0	0	0	0	0	
0	0	0	0	0	0	0	0	
0	0	0	0	0	0	0	0	
0	0	0	0	0	0	0	0	
0	0	0	0	0	0	0	0	
0	0	0	0	0	0	0	0	
0	0	0	0	0	0	0	0	
0	0	0	0	0	0	0	0	
0	0	0	0	0	0	0	0	
0	0	0	0	0	0	0	0	
0	0	0	0	0	0	0	0	
0	0	0	0	0	0	0	0	
0	0	0	0	0	0	0	0	
0	0	0	0	0	0	0	0	
0	0	0	0	0	0	0	0	
0	0	0	0	0	0	0	0	
0	0	0	0	0	0	0	0	
0	0	0	0	0	0	0	0	
0	0	0	0	0	0	0	0	
0	0	0	0	0	0	0	0	
0	0	0	0	0	0	0	0	



34
154

14	2	
29	5	
21	4	
33	2	
0	3	
9	4	
10	2	
7	3	
8	3	
23	5	
25	3	
23	2	
6	5	
31	3	
23	3	
3	2	
11	3	
33	5	
10	5	
29	3	
30	2	
26	3	
9	2	
29	5	
16	3	
30	2	
22	2	
30	4	
0	2	
15	3	
28	2	
8	2	
10	3	
4	5	
15	4	
25	3	
31	3	
28	4	
2	2	
3	4	
22	3	
30	3	
10	3	
1	3	
19	3	
3	2	
11	5	
12	2	
32	2	
3	4	
24	3	
9	4	
18	3	
13	2	
19	3	
15	4	
9	2	
27	5	
16	5	
4	4	
13	3	
14	2	
11	3	
8	3	
27	5	
32	5	
25	2	
28	3	
5	2	
28	2	
11	3	
30	3	
9	5	
27	3	
11	3	
7	2	
1	3	
9	2	
18	3	
9	2	
24	3	
11	2	
3	2	
24	2	
29	4	
12	5	
6	4	
7	2	
13	2	
19	2	
14	2	
4	3	
12	4	
29	3	
21	3	
17	5	
30	3	
7	3	
27	4	
25	5	
3	2	
26	3	
29	3	
8	3	
8	5	
8	4	
6	2	
20	2	
5	2	
22	5	
28	2	
27	2	
8	5	
15	2	
24	3	
17	2	
6	2	
30	3	
24	3	
22	3	
22	2	
5	2	
6	4	
7	2	
2	3	
27	3	
10	3	
32	5	
20	3	
13	2	
21	2	
25	3	
8	3	
16	2	
17	2	
22	5	
10	3	
31	2	
10	2	
1	2	
7	3	
19	3	
26	2	
3	5	
12	3	
24	4	
18	5	
19	2	
29	3	
24	3	
33	5	
21	3	
18	5	
9	3	

