1
70
8

0	0	0	0	0	0	0	0	
0	0	0	0	0	0	0	0	
0	0	0	0	0	0	0	0	
0	0	0	0	0	0	0	0	
0	0	0	0	0	0	0	0	
0	0	0	0	0	0	0	0	
0	0	0	0	0	0	0	0	
0	0	0	0	0	0	0	0	
0	0	0	0	0	0	0	0	
0	0	0	0	0	0	0	0	
0	0	0	0	0	0	0	0	
0	0	0	0	0	0	0	0	
0	0	0	0	0	0	0	0	
0	0	0	0	0	0	0	0	
0	0	0	0	0	0	0	0	
0	0	0	0	0	0	0	0	
0	0	0	0	0	0	0	0	
0	0	0	0	0	0	0	0	
0	0	0	0	0	0	0	0	
0	0	0	0	0	0	0	0	
0	0	0	0	0	0	0	0	
0	0	0	0	0	0	0	0	
0	0	0	0	0	0	0	0	
0	0	0	0	0	0	0	0	
0	0	0	0	0	0	0	0	
0	0	0	0	0	0	0	0	
0	0	0	0	0	0	0	0	
0	0	0	0	0	0	0	0	
0	0	0	0	0	0	0	0	
0	0	0	0	0	0	0	0	
0	0	0	0	0	0	0	0	
0	0	0	0	0	0	0	0	
0	0	0	0	0	0	0	0	
0	0	0	0	0	0	0	0	
0	0	0	0	0	0	0	0	
0	0	0	0	0	0	0	0	
0	0	0	0	0	0	0	0	
0	0	0	0	0	0	0	0	
0	0	0	0	0	0	0	0	
0	0	0	0	0	0	0	0	
0	0	0	0	0	0	0	0	
0	0	0	0	0	0	0	0	
0	0	0	0	0	0	0	0	
0	0	0	0	0	0	0	0	
0	0	0	0	0	0	0	0	
0	0	0	0	0	0	0	0	
0	0	0	0	0	0	0	0	
0	0	0	0	0	0	0	0	
0	0	0	0	0	0	0	0	
0	0	0	0	0	0	0	0	
0	0	0	0	0	0	0	0	
0	0	0	0	0	0	0	0	
0	0	0	0	0	0	0	0	
0	0	0	0	0	0	0	0	
0	0	0	0	0	0	0	0	
0	0	0	0	0	0	0	0	
0	0	0	0	0	0	0	0	
0	0	0	0	0	0	0	0	
0	0	0	0	0	0	0	0	
0	0	0	0	0	0	0	0	
0	0	0	0	0	0	0	0	
0	0	0	0	0	0	0	0	
0	0	0	0	0	0	0	0	
0	0	0	0	0	0	0	0	
0	0	0	0	0	0	0	0	
0	0	0	0	0	0	0	0	
0	0	0	0	0	0	0	0	
0	0	0	0	0	0	0	0	
0	0	0	0	0	0	0	0	
0	0	0	0	0	0	0	0	



33
152

17	2	
3	3	
22	2	
31	2	
1	2	
32	2	
17	3	
21	5	
30	3	
10	2	
22	2	
0	4	
29	2	
31	2	
8	3	
24	5	
0	3	
5	4	
25	3	
16	5	
28	5	
26	2	
12	2	
1	2	
0	5	
9	3	
6	2	
6	3	
3	2	
18	3	
16	2	
22	5	
6	5	
25	2	
24	3	
14	5	
22	4	
19	3	
9	2	
9	3	
9	4	
29	3	
0	2	
12	5	
3	2	
7	5	
2	2	
9	3	
5	2	
15	5	
22	3	
27	3	
21	3	
2	3	
17	3	
17	3	
17	3	
11	5	
27	2	
10	3	
1	3	
27	2	
3	2	
19	5	
11	4	
0	4	
13	5	
11	3	
8	2	
28	3	
19	4	
26	3	
8	4	
30	2	
9	3	
21	2	
9	3	
25	4	
10	4	
2	2	
20	3	
27	3	
31	2	
6	2	
26	4	
25	3	
15	5	
10	2	
28	2	
24	2	
14	3	
10	5	
24	5	
13	2	
5	2	
3	2	
23	2	
4	4	
29	3	
31	3	
3	3	
9	5	
13	2	
29	3	
27	3	
29	2	
22	3	
16	4	
27	5	
18	5	
20	2	
23	3	
18	5	
22	2	
4	3	
24	4	
25	4	
15	3	
0	2	
7	2	
0	5	
29	2	
24	2	
24	4	
32	4	
11	5	
31	3	
15	2	
27	2	
3	5	
1	4	
32	2	
15	2	
31	2	
23	2	
4	4	
30	4	
7	2	
15	2	
10	2	
24	5	
15	2	
16	5	
28	5	
6	3	
19	4	
29	3	
23	2	
3	2	
31	5	
14	3	
0	3	

