1
70
8

0	0	0	0	0	0	0	0	
0	0	0	0	0	0	0	0	
0	0	0	0	0	0	0	0	
0	0	0	0	0	0	0	0	
0	0	0	0	0	0	0	0	
0	0	0	0	0	0	0	0	
0	0	0	0	0	0	0	0	
0	0	0	0	0	0	0	0	
0	0	0	0	0	0	0	0	
0	0	0	0	0	0	0	0	
0	0	0	0	0	0	0	0	
0	0	0	0	0	0	0	0	
0	0	0	0	0	0	0	0	
0	0	0	0	0	0	0	0	
0	0	0	0	0	0	0	0	
0	0	0	0	0	0	0	0	
0	0	0	0	0	0	0	0	
0	0	0	0	0	0	0	0	
0	0	0	0	0	0	0	0	
0	0	0	0	0	0	0	0	
0	0	0	0	0	0	0	0	
0	0	0	0	0	0	0	0	
0	0	0	0	0	0	0	0	
0	0	0	0	0	0	0	0	
0	0	0	0	0	0	0	0	
0	0	0	0	0	0	0	0	
0	0	0	0	0	0	0	0	
0	0	0	0	0	0	0	0	
0	0	0	0	0	0	0	0	
0	0	0	0	0	0	0	0	
0	0	0	0	0	0	0	0	
0	0	0	0	0	0	0	0	
0	0	0	0	0	0	0	0	
0	0	0	0	0	0	0	0	
0	0	0	0	0	0	0	0	
0	0	0	0	0	0	0	0	
0	0	0	0	0	0	0	0	
0	0	0	0	0	0	0	0	
0	0	0	0	0	0	0	0	
0	0	0	0	0	0	0	0	
0	0	0	0	0	0	0	0	
0	0	0	0	0	0	0	0	
0	0	0	0	0	0	0	0	
0	0	0	0	0	0	0	0	
0	0	0	0	0	0	0	0	
0	0	0	0	0	0	0	0	
0	0	0	0	0	0	0	0	
0	0	0	0	0	0	0	0	
0	0	0	0	0	0	0	0	
0	0	0	0	0	0	0	0	
0	0	0	0	0	0	0	0	
0	0	0	0	0	0	0	0	
0	0	0	0	0	0	0	0	
0	0	0	0	0	0	0	0	
0	0	0	0	0	0	0	0	
0	0	0	0	0	0	0	0	
0	0	0	0	0	0	0	0	
0	0	0	0	0	0	0	0	
0	0	0	0	0	0	0	0	
0	0	0	0	0	0	0	0	
0	0	0	0	0	0	0	0	
0	0	0	0	0	0	0	0	
0	0	0	0	0	0	0	0	
0	0	0	0	0	0	0	0	
0	0	0	0	0	0	0	0	
0	0	0	0	0	0	0	0	
0	0	0	0	0	0	0	0	
0	0	0	0	0	0	0	0	
0	0	0	0	0	0	0	0	
0	0	0	0	0	0	0	0	



39
154

28	5	
14	2	
30	3	
27	5	
17	3	
31	3	
6	5	
3	2	
33	3	
14	3	
23	2	
22	2	
34	4	
0	4	
31	4	
36	2	
26	5	
21	2	
18	3	
28	3	
27	3	
26	3	
36	3	
34	4	
20	5	
22	4	
35	2	
38	3	
37	3	
18	5	
38	4	
28	5	
11	2	
25	5	
10	2	
13	3	
5	4	
17	5	
24	2	
30	5	
10	2	
1	2	
3	2	
6	5	
23	5	
15	2	
38	2	
3	2	
38	5	
26	5	
28	3	
2	3	
4	5	
11	4	
15	2	
7	4	
34	2	
3	2	
35	2	
10	3	
24	3	
19	5	
8	4	
13	2	
5	5	
14	5	
37	5	
31	5	
9	2	
29	2	
14	2	
23	3	
15	5	
31	2	
3	3	
12	5	
23	2	
12	2	
11	3	
31	2	
8	2	
26	4	
8	4	
6	3	
28	3	
36	2	
10	3	
38	2	
21	3	
31	3	
32	3	
1	3	
22	2	
38	2	
29	2	
22	2	
16	5	
12	2	
10	2	
7	3	
33	3	
31	2	
14	3	
32	2	
28	2	
27	3	
21	5	
16	2	
26	2	
18	3	
22	3	
32	3	
8	2	
1	3	
10	5	
27	4	
3	2	
16	2	
32	2	
2	2	
18	4	
27	4	
5	5	
3	3	
2	4	
0	2	
18	4	
20	2	
10	3	
5	3	
14	2	
32	2	
35	2	
6	5	
33	2	
24	3	
20	3	
25	3	
4	5	
27	3	
38	2	
5	2	
5	2	
9	2	
26	3	
8	2	
23	2	
6	5	
36	2	
2	2	
21	2	
32	5	
19	3	
29	2	

