1
70
10

0	0	0	0	0	0	0	0	0	0	
0	0	0	0	0	0	0	0	0	0	
0	0	0	0	0	0	0	0	0	0	
0	0	0	0	0	0	0	0	0	0	
0	0	0	0	0	0	0	0	0	0	
0	0	0	0	0	0	0	0	0	0	
0	0	0	0	0	0	0	0	0	0	
0	0	0	0	0	0	0	0	0	0	
0	0	0	0	0	0	0	0	0	0	
0	0	0	0	0	0	0	0	0	0	
0	0	0	0	0	0	0	0	0	0	
0	0	0	0	0	0	0	0	0	0	
0	0	0	0	0	0	0	0	0	0	
0	0	0	0	0	0	0	0	0	0	
0	0	0	0	0	0	0	0	0	0	
0	0	0	0	0	0	0	0	0	0	
0	0	0	0	0	0	0	0	0	0	
0	0	0	0	0	0	0	0	0	0	
0	0	0	0	0	0	0	0	0	0	
0	0	0	0	0	0	0	0	0	0	
0	0	0	0	0	0	0	0	0	0	
0	0	0	0	0	0	0	0	0	0	
0	0	0	0	0	0	0	0	0	0	
0	0	0	0	0	0	0	0	0	0	
0	0	0	0	0	0	0	0	0	0	
0	0	0	0	0	0	0	0	0	0	
0	0	0	0	0	0	0	0	0	0	
0	0	0	0	0	0	0	0	0	0	
0	0	0	0	0	0	0	0	0	0	
0	0	0	0	0	0	0	0	0	0	
0	0	0	0	0	0	0	0	0	0	
0	0	0	0	0	0	0	0	0	0	
0	0	0	0	0	0	0	0	0	0	
0	0	0	0	0	0	0	0	0	0	
0	0	0	0	0	0	0	0	0	0	
0	0	0	0	0	0	0	0	0	0	
0	0	0	0	0	0	0	0	0	0	
0	0	0	0	0	0	0	0	0	0	
0	0	0	0	0	0	0	0	0	0	
0	0	0	0	0	0	0	0	0	0	
0	0	0	0	0	0	0	0	0	0	
0	0	0	0	0	0	0	0	0	0	
0	0	0	0	0	0	0	0	0	0	
0	0	0	0	0	0	0	0	0	0	
0	0	0	0	0	0	0	0	0	0	
0	0	0	0	0	0	0	0	0	0	
0	0	0	0	0	0	0	0	0	0	
0	0	0	0	0	0	0	0	0	0	
0	0	0	0	0	0	0	0	0	0	
0	0	0	0	0	0	0	0	0	0	
0	0	0	0	0	0	0	0	0	0	
0	0	0	0	0	0	0	0	0	0	
0	0	0	0	0	0	0	0	0	0	
0	0	0	0	0	0	0	0	0	0	
0	0	0	0	0	0	0	0	0	0	
0	0	0	0	0	0	0	0	0	0	
0	0	0	0	0	0	0	0	0	0	
0	0	0	0	0	0	0	0	0	0	
0	0	0	0	0	0	0	0	0	0	
0	0	0	0	0	0	0	0	0	0	
0	0	0	0	0	0	0	0	0	0	
0	0	0	0	0	0	0	0	0	0	
0	0	0	0	0	0	0	0	0	0	
0	0	0	0	0	0	0	0	0	0	
0	0	0	0	0	0	0	0	0	0	
0	0	0	0	0	0	0	0	0	0	
0	0	0	0	0	0	0	0	0	0	
0	0	0	0	0	0	0	0	0	0	
0	0	0	0	0	0	0	0	0	0	
0	0	0	0	0	0	0	0	0	0	



45
195

33	4	
8	3	
35	2	
6	2	
9	5	
30	3	
36	3	
4	2	
29	2	
41	3	
33	3	
15	2	
22	2	
27	4	
4	2	
7	2	
5	2	
38	3	
31	5	
40	3	
21	3	
9	2	
0	2	
4	2	
23	4	
27	3	
38	2	
0	2	
25	3	
39	3	
1	4	
6	3	
20	2	
26	3	
35	3	
36	5	
40	3	
36	5	
22	5	
14	4	
6	5	
32	5	
34	5	
27	4	
30	2	
8	2	
28	5	
19	2	
34	2	
8	4	
36	3	
18	4	
36	2	
17	5	
24	3	
38	5	
14	2	
25	2	
1	5	
14	2	
43	2	
4	2	
15	4	
4	3	
43	4	
25	4	
24	3	
8	2	
8	2	
21	2	
6	3	
36	3	
39	3	
25	3	
20	2	
44	3	
44	5	
40	4	
29	4	
33	2	
20	2	
38	3	
0	3	
9	2	
1	5	
13	4	
4	2	
16	3	
35	2	
10	3	
30	2	
14	2	
33	3	
11	5	
11	4	
0	3	
36	2	
21	3	
16	2	
34	2	
28	5	
11	3	
0	5	
33	2	
11	3	
11	3	
2	2	
19	2	
8	5	
31	2	
12	3	
43	4	
4	2	
13	2	
3	3	
25	3	
33	3	
25	4	
9	3	
23	3	
2	2	
21	4	
21	2	
31	2	
38	2	
21	2	
37	4	
9	5	
9	3	
17	2	
8	2	
37	2	
22	2	
8	5	
5	5	
41	5	
15	5	
18	5	
34	3	
42	3	
33	2	
32	4	
19	3	
27	2	
29	2	
23	2	
26	3	
30	5	
34	2	
4	3	
20	2	
1	2	
33	2	
41	2	
36	2	
2	2	
38	2	
41	5	
12	3	
15	2	
34	2	
9	4	
16	4	
19	2	
0	2	
7	2	
34	3	
3	5	
9	5	
38	4	
5	5	
5	3	
39	3	
28	3	
19	2	
25	4	
0	3	
19	2	
10	2	
22	3	
30	2	
42	2	
35	5	
10	2	
34	5	
6	5	
32	3	
31	3	
18	3	
41	4	
38	2	
11	2	
35	4	
29	3	
21	2	

