1
90
10

0	0	0	0	0	0	0	0	0	0	
0	0	0	0	0	0	0	0	0	0	
0	0	0	0	0	0	0	0	0	0	
0	0	0	0	0	0	0	0	0	0	
0	0	0	0	0	0	0	0	0	0	
0	0	0	0	0	0	0	0	0	0	
0	0	0	0	0	0	0	0	0	0	
0	0	0	0	0	0	0	0	0	0	
0	0	0	0	0	0	0	0	0	0	
0	0	0	0	0	0	0	0	0	0	
0	0	0	0	0	0	0	0	0	0	
0	0	0	0	0	0	0	0	0	0	
0	0	0	0	0	0	0	0	0	0	
0	0	0	0	0	0	0	0	0	0	
0	0	0	0	0	0	0	0	0	0	
0	0	0	0	0	0	0	0	0	0	
0	0	0	0	0	0	0	0	0	0	
0	0	0	0	0	0	0	0	0	0	
0	0	0	0	0	0	0	0	0	0	
0	0	0	0	0	0	0	0	0	0	
0	0	0	0	0	0	0	0	0	0	
0	0	0	0	0	0	0	0	0	0	
0	0	0	0	0	0	0	0	0	0	
0	0	0	0	0	0	0	0	0	0	
0	0	0	0	0	0	0	0	0	0	
0	0	0	0	0	0	0	0	0	0	
0	0	0	0	0	0	0	0	0	0	
0	0	0	0	0	0	0	0	0	0	
0	0	0	0	0	0	0	0	0	0	
0	0	0	0	0	0	0	0	0	0	
0	0	0	0	0	0	0	0	0	0	
0	0	0	0	0	0	0	0	0	0	
0	0	0	0	0	0	0	0	0	0	
0	0	0	0	0	0	0	0	0	0	
0	0	0	0	0	0	0	0	0	0	
0	0	0	0	0	0	0	0	0	0	
0	0	0	0	0	0	0	0	0	0	
0	0	0	0	0	0	0	0	0	0	
0	0	0	0	0	0	0	0	0	0	
0	0	0	0	0	0	0	0	0	0	
0	0	0	0	0	0	0	0	0	0	
0	0	0	0	0	0	0	0	0	0	
0	0	0	0	0	0	0	0	0	0	
0	0	0	0	0	0	0	0	0	0	
0	0	0	0	0	0	0	0	0	0	
0	0	0	0	0	0	0	0	0	0	
0	0	0	0	0	0	0	0	0	0	
0	0	0	0	0	0	0	0	0	0	
0	0	0	0	0	0	0	0	0	0	
0	0	0	0	0	0	0	0	0	0	
0	0	0	0	0	0	0	0	0	0	
0	0	0	0	0	0	0	0	0	0	
0	0	0	0	0	0	0	0	0	0	
0	0	0	0	0	0	0	0	0	0	
0	0	0	0	0	0	0	0	0	0	
0	0	0	0	0	0	0	0	0	0	
0	0	0	0	0	0	0	0	0	0	
0	0	0	0	0	0	0	0	0	0	
0	0	0	0	0	0	0	0	0	0	
0	0	0	0	0	0	0	0	0	0	
0	0	0	0	0	0	0	0	0	0	
0	0	0	0	0	0	0	0	0	0	
0	0	0	0	0	0	0	0	0	0	
0	0	0	0	0	0	0	0	0	0	
0	0	0	0	0	0	0	0	0	0	
0	0	0	0	0	0	0	0	0	0	
0	0	0	0	0	0	0	0	0	0	
0	0	0	0	0	0	0	0	0	0	
0	0	0	0	0	0	0	0	0	0	
0	0	0	0	0	0	0	0	0	0	
0	0	0	0	0	0	0	0	0	0	
0	0	0	0	0	0	0	0	0	0	
0	0	0	0	0	0	0	0	0	0	
0	0	0	0	0	0	0	0	0	0	
0	0	0	0	0	0	0	0	0	0	
0	0	0	0	0	0	0	0	0	0	
0	0	0	0	0	0	0	0	0	0	
0	0	0	0	0	0	0	0	0	0	
0	0	0	0	0	0	0	0	0	0	
0	0	0	0	0	0	0	0	0	0	
0	0	0	0	0	0	0	0	0	0	
0	0	0	0	0	0	0	0	0	0	
0	0	0	0	0	0	0	0	0	0	
0	0	0	0	0	0	0	0	0	0	
0	0	0	0	0	0	0	0	0	0	
0	0	0	0	0	0	0	0	0	0	
0	0	0	0	0	0	0	0	0	0	
0	0	0	0	0	0	0	0	0	0	
0	0	0	0	0	0	0	0	0	0	
0	0	0	0	0	0	0	0	0	0	



56
249

39	3	
23	4	
47	3	
22	5	
25	4	
10	2	
35	2	
49	5	
16	4	
0	3	
14	2	
28	4	
13	5	
13	3	
13	3	
28	4	
5	2	
32	4	
23	2	
37	3	
36	5	
16	5	
48	4	
10	5	
44	5	
27	4	
38	2	
41	3	
32	3	
29	2	
49	3	
32	5	
50	5	
39	3	
29	4	
13	5	
55	2	
21	3	
30	3	
33	2	
32	4	
7	4	
53	5	
22	2	
52	3	
42	4	
3	3	
18	5	
21	2	
20	2	
54	3	
13	2	
4	3	
9	5	
34	2	
17	4	
52	3	
28	3	
3	3	
26	2	
0	3	
8	4	
1	4	
44	3	
50	4	
38	2	
22	2	
44	2	
15	2	
49	4	
11	3	
18	2	
1	3	
41	3	
53	5	
51	3	
22	2	
53	2	
2	5	
34	2	
52	3	
27	3	
25	4	
19	4	
37	2	
19	2	
32	2	
47	3	
52	3	
20	3	
24	5	
37	3	
37	5	
20	3	
20	2	
4	3	
14	2	
23	2	
45	3	
29	5	
7	2	
34	5	
20	2	
30	2	
29	2	
10	3	
23	2	
10	3	
11	2	
52	2	
11	2	
46	5	
14	5	
55	2	
16	2	
0	5	
45	3	
42	3	
35	4	
16	2	
5	3	
17	3	
13	2	
34	2	
49	5	
22	5	
31	3	
18	4	
44	4	
25	2	
45	3	
13	5	
21	3	
2	3	
46	2	
6	3	
51	3	
30	3	
8	3	
25	3	
12	3	
5	3	
1	4	
45	3	
47	3	
43	3	
29	2	
48	5	
0	2	
22	2	
32	3	
16	2	
5	5	
19	2	
36	4	
35	3	
19	5	
17	2	
14	5	
14	4	
7	2	
37	3	
26	3	
54	2	
55	2	
4	2	
17	4	
9	3	
48	2	
16	2	
40	5	
54	2	
25	5	
39	2	
36	2	
39	3	
17	2	
16	2	
10	2	
44	2	
34	2	
41	3	
35	5	
35	4	
1	2	
7	4	
7	3	
20	2	
33	4	
40	2	
24	2	
37	4	
44	3	
1	3	
19	3	
9	3	
24	5	
11	2	
10	2	
14	2	
29	2	
14	5	
23	2	
12	3	
30	3	
48	2	
45	2	
42	2	
54	2	
38	4	
8	2	
5	5	
32	3	
29	4	
26	2	
13	5	
1	5	
38	2	
8	4	
51	2	
54	2	
6	2	
46	2	
10	4	
43	2	
3	2	
40	5	
1	3	
15	3	
50	2	
14	2	
54	2	
31	4	
34	2	
19	3	
2	2	
50	4	
45	4	
38	2	
50	5	
53	2	
48	2	
45	4	
52	2	
15	2	
11	3	
46	2	
48	3	
40	2	

