1
90
12

0	0	0	0	0	0	0	0	0	0	0	0	
0	0	0	0	0	0	0	0	0	0	0	0	
0	0	0	0	0	0	0	0	0	0	0	0	
0	0	0	0	0	0	0	0	0	0	0	0	
0	0	0	0	0	0	0	0	0	0	0	0	
0	0	0	0	0	0	0	0	0	0	0	0	
0	0	0	0	0	0	0	0	0	0	0	0	
0	0	0	0	0	0	0	0	0	0	0	0	
0	0	0	0	0	0	0	0	0	0	0	0	
0	0	0	0	0	0	0	0	0	0	0	0	
0	0	0	0	0	0	0	0	0	0	0	0	
0	0	0	0	0	0	0	0	0	0	0	0	
0	0	0	0	0	0	0	0	0	0	0	0	
0	0	0	0	0	0	0	0	0	0	0	0	
0	0	0	0	0	0	0	0	0	0	0	0	
0	0	0	0	0	0	0	0	0	0	0	0	
0	0	0	0	0	0	0	0	0	0	0	0	
0	0	0	0	0	0	0	0	0	0	0	0	
0	0	0	0	0	0	0	0	0	0	0	0	
0	0	0	0	0	0	0	0	0	0	0	0	
0	0	0	0	0	0	0	0	0	0	0	0	
0	0	0	0	0	0	0	0	0	0	0	0	
0	0	0	0	0	0	0	0	0	0	0	0	
0	0	0	0	0	0	0	0	0	0	0	0	
0	0	0	0	0	0	0	0	0	0	0	0	
0	0	0	0	0	0	0	0	0	0	0	0	
0	0	0	0	0	0	0	0	0	0	0	0	
0	0	0	0	0	0	0	0	0	0	0	0	
0	0	0	0	0	0	0	0	0	0	0	0	
0	0	0	0	0	0	0	0	0	0	0	0	
0	0	0	0	0	0	0	0	0	0	0	0	
0	0	0	0	0	0	0	0	0	0	0	0	
0	0	0	0	0	0	0	0	0	0	0	0	
0	0	0	0	0	0	0	0	0	0	0	0	
0	0	0	0	0	0	0	0	0	0	0	0	
0	0	0	0	0	0	0	0	0	0	0	0	
0	0	0	0	0	0	0	0	0	0	0	0	
0	0	0	0	0	0	0	0	0	0	0	0	
0	0	0	0	0	0	0	0	0	0	0	0	
0	0	0	0	0	0	0	0	0	0	0	0	
0	0	0	0	0	0	0	0	0	0	0	0	
0	0	0	0	0	0	0	0	0	0	0	0	
0	0	0	0	0	0	0	0	0	0	0	0	
0	0	0	0	0	0	0	0	0	0	0	0	
0	0	0	0	0	0	0	0	0	0	0	0	
0	0	0	0	0	0	0	0	0	0	0	0	
0	0	0	0	0	0	0	0	0	0	0	0	
0	0	0	0	0	0	0	0	0	0	0	0	
0	0	0	0	0	0	0	0	0	0	0	0	
0	0	0	0	0	0	0	0	0	0	0	0	
0	0	0	0	0	0	0	0	0	0	0	0	
0	0	0	0	0	0	0	0	0	0	0	0	
0	0	0	0	0	0	0	0	0	0	0	0	
0	0	0	0	0	0	0	0	0	0	0	0	
0	0	0	0	0	0	0	0	0	0	0	0	
0	0	0	0	0	0	0	0	0	0	0	0	
0	0	0	0	0	0	0	0	0	0	0	0	
0	0	0	0	0	0	0	0	0	0	0	0	
0	0	0	0	0	0	0	0	0	0	0	0	
0	0	0	0	0	0	0	0	0	0	0	0	
0	0	0	0	0	0	0	0	0	0	0	0	
0	0	0	0	0	0	0	0	0	0	0	0	
0	0	0	0	0	0	0	0	0	0	0	0	
0	0	0	0	0	0	0	0	0	0	0	0	
0	0	0	0	0	0	0	0	0	0	0	0	
0	0	0	0	0	0	0	0	0	0	0	0	
0	0	0	0	0	0	0	0	0	0	0	0	
0	0	0	0	0	0	0	0	0	0	0	0	
0	0	0	0	0	0	0	0	0	0	0	0	
0	0	0	0	0	0	0	0	0	0	0	0	
0	0	0	0	0	0	0	0	0	0	0	0	
0	0	0	0	0	0	0	0	0	0	0	0	
0	0	0	0	0	0	0	0	0	0	0	0	
0	0	0	0	0	0	0	0	0	0	0	0	
0	0	0	0	0	0	0	0	0	0	0	0	
0	0	0	0	0	0	0	0	0	0	0	0	
0	0	0	0	0	0	0	0	0	0	0	0	
0	0	0	0	0	0	0	0	0	0	0	0	
0	0	0	0	0	0	0	0	0	0	0	0	
0	0	0	0	0	0	0	0	0	0	0	0	
0	0	0	0	0	0	0	0	0	0	0	0	
0	0	0	0	0	0	0	0	0	0	0	0	
0	0	0	0	0	0	0	0	0	0	0	0	
0	0	0	0	0	0	0	0	0	0	0	0	
0	0	0	0	0	0	0	0	0	0	0	0	
0	0	0	0	0	0	0	0	0	0	0	0	
0	0	0	0	0	0	0	0	0	0	0	0	
0	0	0	0	0	0	0	0	0	0	0	0	
0	0	0	0	0	0	0	0	0	0	0	0	
0	0	0	0	0	0	0	0	0	0	0	0	



68
303

12	2	
54	4	
7	3	
17	4	
9	2	
13	4	
28	2	
58	2	
10	3	
42	2	
51	3	
56	2	
28	3	
55	2	
65	2	
36	2	
21	3	
44	3	
26	4	
44	2	
17	3	
37	4	
10	3	
59	2	
47	4	
29	4	
50	2	
11	3	
20	5	
1	2	
13	2	
26	4	
52	2	
43	4	
37	4	
38	5	
0	2	
33	4	
64	2	
25	3	
21	5	
11	2	
17	3	
46	2	
22	3	
10	2	
8	2	
58	3	
5	2	
3	2	
9	2	
44	3	
1	2	
55	2	
62	2	
29	2	
25	2	
20	3	
3	2	
59	4	
9	2	
61	3	
13	2	
52	2	
18	4	
54	2	
0	4	
52	4	
35	5	
14	2	
37	3	
61	3	
12	2	
40	4	
35	3	
59	2	
43	3	
9	2	
66	5	
3	2	
51	2	
57	3	
38	5	
15	2	
3	2	
26	2	
54	3	
65	5	
53	2	
25	2	
56	3	
14	4	
58	3	
48	2	
5	3	
37	3	
27	3	
26	2	
31	5	
43	3	
20	4	
8	3	
53	4	
6	4	
46	3	
65	3	
54	5	
30	5	
24	2	
3	3	
57	3	
37	2	
63	2	
13	2	
25	2	
3	3	
14	3	
21	4	
55	2	
18	3	
55	5	
19	2	
60	5	
60	2	
63	2	
64	2	
17	3	
67	3	
52	3	
64	3	
21	2	
66	2	
22	3	
37	2	
46	2	
44	4	
27	4	
49	2	
45	2	
17	2	
30	3	
36	2	
50	2	
63	5	
2	2	
11	4	
13	3	
45	3	
48	2	
20	3	
52	2	
32	3	
2	5	
5	2	
30	4	
24	3	
54	3	
46	2	
17	2	
5	3	
60	2	
59	2	
30	5	
45	3	
66	2	
19	4	
46	2	
25	3	
34	2	
6	5	
52	3	
14	3	
16	5	
64	2	
7	5	
22	3	
67	4	
6	3	
55	5	
67	3	
44	3	
25	2	
50	2	
59	4	
66	3	
64	3	
52	3	
41	2	
4	4	
20	3	
40	5	
6	2	
57	5	
17	4	
15	4	
47	3	
61	3	
41	3	
47	2	
64	3	
51	3	
57	5	
34	2	
34	4	
39	4	
9	5	
20	3	
9	5	
4	2	
36	5	
15	4	
53	3	
11	3	
27	4	
65	3	
13	4	
11	3	
55	2	
62	5	
37	2	
40	3	
40	5	
53	5	
61	4	
21	2	
11	4	
42	2	
61	2	
33	5	
59	2	
53	3	
20	2	
37	4	
65	3	
41	3	
25	3	
6	3	
35	2	
65	4	
35	2	
21	4	
50	3	
58	3	
55	3	
46	2	
39	5	
38	2	
61	4	
16	5	
49	2	
58	2	
17	2	
26	3	
49	2	
5	2	
67	5	
20	2	
18	3	
51	3	
48	5	
7	2	
5	2	
32	2	
13	4	
60	4	
30	3	
25	3	
27	2	
32	5	
59	2	
50	4	
64	2	
52	2	
45	5	
23	5	
42	4	
26	2	
31	3	
65	3	
56	3	
38	2	
18	3	
30	2	
51	4	
3	2	
32	3	
11	4	
6	3	
41	4	
36	2	
12	2	
23	5	
24	3	
9	2	
28	3	
0	5	
14	3	
60	3	
2	5	
14	3	
48	4	
59	2	
60	2	

