1
90
12

0	0	0	0	0	0	0	0	0	0	0	0	
0	0	0	0	0	0	0	0	0	0	0	0	
0	0	0	0	0	0	0	0	0	0	0	0	
0	0	0	0	0	0	0	0	0	0	0	0	
0	0	0	0	0	0	0	0	0	0	0	0	
0	0	0	0	0	0	0	0	0	0	0	0	
0	0	0	0	0	0	0	0	0	0	0	0	
0	0	0	0	0	0	0	0	0	0	0	0	
0	0	0	0	0	0	0	0	0	0	0	0	
0	0	0	0	0	0	0	0	0	0	0	0	
0	0	0	0	0	0	0	0	0	0	0	0	
0	0	0	0	0	0	0	0	0	0	0	0	
0	0	0	0	0	0	0	0	0	0	0	0	
0	0	0	0	0	0	0	0	0	0	0	0	
0	0	0	0	0	0	0	0	0	0	0	0	
0	0	0	0	0	0	0	0	0	0	0	0	
0	0	0	0	0	0	0	0	0	0	0	0	
0	0	0	0	0	0	0	0	0	0	0	0	
0	0	0	0	0	0	0	0	0	0	0	0	
0	0	0	0	0	0	0	0	0	0	0	0	
0	0	0	0	0	0	0	0	0	0	0	0	
0	0	0	0	0	0	0	0	0	0	0	0	
0	0	0	0	0	0	0	0	0	0	0	0	
0	0	0	0	0	0	0	0	0	0	0	0	
0	0	0	0	0	0	0	0	0	0	0	0	
0	0	0	0	0	0	0	0	0	0	0	0	
0	0	0	0	0	0	0	0	0	0	0	0	
0	0	0	0	0	0	0	0	0	0	0	0	
0	0	0	0	0	0	0	0	0	0	0	0	
0	0	0	0	0	0	0	0	0	0	0	0	
0	0	0	0	0	0	0	0	0	0	0	0	
0	0	0	0	0	0	0	0	0	0	0	0	
0	0	0	0	0	0	0	0	0	0	0	0	
0	0	0	0	0	0	0	0	0	0	0	0	
0	0	0	0	0	0	0	0	0	0	0	0	
0	0	0	0	0	0	0	0	0	0	0	0	
0	0	0	0	0	0	0	0	0	0	0	0	
0	0	0	0	0	0	0	0	0	0	0	0	
0	0	0	0	0	0	0	0	0	0	0	0	
0	0	0	0	0	0	0	0	0	0	0	0	
0	0	0	0	0	0	0	0	0	0	0	0	
0	0	0	0	0	0	0	0	0	0	0	0	
0	0	0	0	0	0	0	0	0	0	0	0	
0	0	0	0	0	0	0	0	0	0	0	0	
0	0	0	0	0	0	0	0	0	0	0	0	
0	0	0	0	0	0	0	0	0	0	0	0	
0	0	0	0	0	0	0	0	0	0	0	0	
0	0	0	0	0	0	0	0	0	0	0	0	
0	0	0	0	0	0	0	0	0	0	0	0	
0	0	0	0	0	0	0	0	0	0	0	0	
0	0	0	0	0	0	0	0	0	0	0	0	
0	0	0	0	0	0	0	0	0	0	0	0	
0	0	0	0	0	0	0	0	0	0	0	0	
0	0	0	0	0	0	0	0	0	0	0	0	
0	0	0	0	0	0	0	0	0	0	0	0	
0	0	0	0	0	0	0	0	0	0	0	0	
0	0	0	0	0	0	0	0	0	0	0	0	
0	0	0	0	0	0	0	0	0	0	0	0	
0	0	0	0	0	0	0	0	0	0	0	0	
0	0	0	0	0	0	0	0	0	0	0	0	
0	0	0	0	0	0	0	0	0	0	0	0	
0	0	0	0	0	0	0	0	0	0	0	0	
0	0	0	0	0	0	0	0	0	0	0	0	
0	0	0	0	0	0	0	0	0	0	0	0	
0	0	0	0	0	0	0	0	0	0	0	0	
0	0	0	0	0	0	0	0	0	0	0	0	
0	0	0	0	0	0	0	0	0	0	0	0	
0	0	0	0	0	0	0	0	0	0	0	0	
0	0	0	0	0	0	0	0	0	0	0	0	
0	0	0	0	0	0	0	0	0	0	0	0	
0	0	0	0	0	0	0	0	0	0	0	0	
0	0	0	0	0	0	0	0	0	0	0	0	
0	0	0	0	0	0	0	0	0	0	0	0	
0	0	0	0	0	0	0	0	0	0	0	0	
0	0	0	0	0	0	0	0	0	0	0	0	
0	0	0	0	0	0	0	0	0	0	0	0	
0	0	0	0	0	0	0	0	0	0	0	0	
0	0	0	0	0	0	0	0	0	0	0	0	
0	0	0	0	0	0	0	0	0	0	0	0	
0	0	0	0	0	0	0	0	0	0	0	0	
0	0	0	0	0	0	0	0	0	0	0	0	
0	0	0	0	0	0	0	0	0	0	0	0	
0	0	0	0	0	0	0	0	0	0	0	0	
0	0	0	0	0	0	0	0	0	0	0	0	
0	0	0	0	0	0	0	0	0	0	0	0	
0	0	0	0	0	0	0	0	0	0	0	0	
0	0	0	0	0	0	0	0	0	0	0	0	
0	0	0	0	0	0	0	0	0	0	0	0	
0	0	0	0	0	0	0	0	0	0	0	0	
0	0	0	0	0	0	0	0	0	0	0	0	



65
300

45	2	
24	5	
31	3	
16	5	
8	4	
56	2	
15	2	
47	2	
27	5	
14	5	
36	3	
8	2	
14	5	
16	3	
44	4	
26	2	
31	3	
28	4	
39	4	
32	3	
42	2	
45	3	
33	5	
10	4	
7	4	
11	2	
64	4	
1	3	
53	4	
18	2	
20	5	
8	4	
57	3	
21	3	
49	5	
14	2	
34	3	
58	2	
22	4	
31	5	
45	2	
33	2	
47	2	
47	3	
37	2	
63	3	
20	2	
53	4	
3	4	
25	2	
5	2	
24	5	
25	2	
15	2	
61	2	
9	3	
40	2	
10	3	
49	2	
23	2	
3	2	
51	2	
17	3	
47	2	
31	2	
8	3	
41	4	
46	3	
3	2	
64	3	
46	2	
49	2	
51	4	
26	2	
29	3	
56	2	
33	2	
1	2	
12	3	
5	2	
49	5	
52	5	
39	4	
51	2	
58	3	
36	5	
58	2	
19	2	
52	4	
32	4	
49	2	
40	5	
40	3	
29	2	
15	3	
33	3	
10	3	
45	3	
24	2	
46	3	
49	2	
38	5	
60	2	
26	3	
14	3	
4	3	
20	4	
15	2	
61	4	
16	3	
50	2	
13	2	
40	2	
60	4	
23	3	
47	3	
27	2	
59	2	
51	2	
39	3	
53	3	
14	2	
63	5	
52	5	
56	3	
30	2	
17	3	
47	5	
16	3	
13	2	
37	2	
6	2	
31	2	
44	3	
6	3	
62	5	
3	5	
31	5	
26	2	
32	2	
18	3	
29	2	
27	3	
28	4	
20	2	
2	3	
50	3	
30	2	
8	3	
4	3	
27	5	
20	5	
21	2	
25	2	
33	3	
21	2	
26	2	
16	3	
3	2	
40	3	
61	5	
61	4	
33	2	
9	2	
5	2	
3	2	
7	3	
3	3	
40	2	
13	3	
18	2	
26	4	
62	5	
53	3	
10	4	
1	2	
32	2	
19	3	
52	3	
62	3	
58	5	
54	3	
1	2	
13	5	
0	5	
27	2	
4	3	
22	2	
53	3	
62	2	
40	4	
41	2	
35	3	
6	5	
32	3	
42	3	
64	5	
49	5	
44	2	
11	5	
38	2	
11	2	
64	5	
8	2	
10	2	
17	4	
60	3	
32	2	
62	4	
63	5	
49	5	
33	2	
51	2	
14	2	
54	3	
23	5	
35	5	
37	2	
48	4	
48	3	
51	5	
31	2	
64	2	
15	3	
10	2	
25	3	
23	3	
24	5	
14	5	
2	2	
60	3	
53	2	
17	3	
20	3	
20	5	
21	5	
55	3	
8	3	
54	3	
27	5	
23	2	
20	3	
16	2	
31	2	
63	4	
40	2	
34	3	
26	3	
12	5	
57	4	
57	2	
58	2	
7	2	
43	3	
13	2	
4	3	
27	3	
25	3	
26	4	
61	3	
12	3	
44	4	
41	2	
5	2	
58	2	
13	3	
9	4	
11	4	
19	5	
17	3	
19	3	
25	2	
17	3	
3	4	
27	3	
25	4	
19	3	
42	5	
7	5	
5	3	
19	2	
53	3	
56	2	
39	3	
54	2	
17	2	
43	2	
18	3	
59	5	
50	2	
13	3	
58	4	
51	4	
15	2	
46	3	
0	2	
23	2	
55	2	
18	3	
42	4	

