1
90
12

0	0	0	0	0	0	0	0	0	0	0	0	
0	0	0	0	0	0	0	0	0	0	0	0	
0	0	0	0	0	0	0	0	0	0	0	0	
0	0	0	0	0	0	0	0	0	0	0	0	
0	0	0	0	0	0	0	0	0	0	0	0	
0	0	0	0	0	0	0	0	0	0	0	0	
0	0	0	0	0	0	0	0	0	0	0	0	
0	0	0	0	0	0	0	0	0	0	0	0	
0	0	0	0	0	0	0	0	0	0	0	0	
0	0	0	0	0	0	0	0	0	0	0	0	
0	0	0	0	0	0	0	0	0	0	0	0	
0	0	0	0	0	0	0	0	0	0	0	0	
0	0	0	0	0	0	0	0	0	0	0	0	
0	0	0	0	0	0	0	0	0	0	0	0	
0	0	0	0	0	0	0	0	0	0	0	0	
0	0	0	0	0	0	0	0	0	0	0	0	
0	0	0	0	0	0	0	0	0	0	0	0	
0	0	0	0	0	0	0	0	0	0	0	0	
0	0	0	0	0	0	0	0	0	0	0	0	
0	0	0	0	0	0	0	0	0	0	0	0	
0	0	0	0	0	0	0	0	0	0	0	0	
0	0	0	0	0	0	0	0	0	0	0	0	
0	0	0	0	0	0	0	0	0	0	0	0	
0	0	0	0	0	0	0	0	0	0	0	0	
0	0	0	0	0	0	0	0	0	0	0	0	
0	0	0	0	0	0	0	0	0	0	0	0	
0	0	0	0	0	0	0	0	0	0	0	0	
0	0	0	0	0	0	0	0	0	0	0	0	
0	0	0	0	0	0	0	0	0	0	0	0	
0	0	0	0	0	0	0	0	0	0	0	0	
0	0	0	0	0	0	0	0	0	0	0	0	
0	0	0	0	0	0	0	0	0	0	0	0	
0	0	0	0	0	0	0	0	0	0	0	0	
0	0	0	0	0	0	0	0	0	0	0	0	
0	0	0	0	0	0	0	0	0	0	0	0	
0	0	0	0	0	0	0	0	0	0	0	0	
0	0	0	0	0	0	0	0	0	0	0	0	
0	0	0	0	0	0	0	0	0	0	0	0	
0	0	0	0	0	0	0	0	0	0	0	0	
0	0	0	0	0	0	0	0	0	0	0	0	
0	0	0	0	0	0	0	0	0	0	0	0	
0	0	0	0	0	0	0	0	0	0	0	0	
0	0	0	0	0	0	0	0	0	0	0	0	
0	0	0	0	0	0	0	0	0	0	0	0	
0	0	0	0	0	0	0	0	0	0	0	0	
0	0	0	0	0	0	0	0	0	0	0	0	
0	0	0	0	0	0	0	0	0	0	0	0	
0	0	0	0	0	0	0	0	0	0	0	0	
0	0	0	0	0	0	0	0	0	0	0	0	
0	0	0	0	0	0	0	0	0	0	0	0	
0	0	0	0	0	0	0	0	0	0	0	0	
0	0	0	0	0	0	0	0	0	0	0	0	
0	0	0	0	0	0	0	0	0	0	0	0	
0	0	0	0	0	0	0	0	0	0	0	0	
0	0	0	0	0	0	0	0	0	0	0	0	
0	0	0	0	0	0	0	0	0	0	0	0	
0	0	0	0	0	0	0	0	0	0	0	0	
0	0	0	0	0	0	0	0	0	0	0	0	
0	0	0	0	0	0	0	0	0	0	0	0	
0	0	0	0	0	0	0	0	0	0	0	0	
0	0	0	0	0	0	0	0	0	0	0	0	
0	0	0	0	0	0	0	0	0	0	0	0	
0	0	0	0	0	0	0	0	0	0	0	0	
0	0	0	0	0	0	0	0	0	0	0	0	
0	0	0	0	0	0	0	0	0	0	0	0	
0	0	0	0	0	0	0	0	0	0	0	0	
0	0	0	0	0	0	0	0	0	0	0	0	
0	0	0	0	0	0	0	0	0	0	0	0	
0	0	0	0	0	0	0	0	0	0	0	0	
0	0	0	0	0	0	0	0	0	0	0	0	
0	0	0	0	0	0	0	0	0	0	0	0	
0	0	0	0	0	0	0	0	0	0	0	0	
0	0	0	0	0	0	0	0	0	0	0	0	
0	0	0	0	0	0	0	0	0	0	0	0	
0	0	0	0	0	0	0	0	0	0	0	0	
0	0	0	0	0	0	0	0	0	0	0	0	
0	0	0	0	0	0	0	0	0	0	0	0	
0	0	0	0	0	0	0	0	0	0	0	0	
0	0	0	0	0	0	0	0	0	0	0	0	
0	0	0	0	0	0	0	0	0	0	0	0	
0	0	0	0	0	0	0	0	0	0	0	0	
0	0	0	0	0	0	0	0	0	0	0	0	
0	0	0	0	0	0	0	0	0	0	0	0	
0	0	0	0	0	0	0	0	0	0	0	0	
0	0	0	0	0	0	0	0	0	0	0	0	
0	0	0	0	0	0	0	0	0	0	0	0	
0	0	0	0	0	0	0	0	0	0	0	0	
0	0	0	0	0	0	0	0	0	0	0	0	
0	0	0	0	0	0	0	0	0	0	0	0	
0	0	0	0	0	0	0	0	0	0	0	0	



69
307

34	3	
23	2	
4	2	
56	2	
21	2	
7	3	
44	2	
36	5	
47	3	
2	3	
43	3	
64	5	
27	2	
66	3	
33	2	
40	3	
62	2	
25	2	
32	4	
20	4	
24	3	
18	2	
0	2	
54	3	
43	4	
3	3	
31	2	
26	2	
58	3	
57	2	
60	3	
35	4	
7	5	
32	2	
44	2	
10	3	
63	2	
44	3	
27	2	
27	2	
54	2	
33	2	
61	4	
61	2	
35	2	
17	4	
67	3	
7	2	
46	3	
33	2	
43	2	
5	3	
47	5	
6	2	
63	3	
65	5	
54	3	
25	2	
46	3	
36	4	
53	2	
65	5	
68	4	
47	2	
55	3	
46	2	
45	3	
22	3	
30	2	
37	3	
59	4	
34	2	
2	2	
0	4	
14	3	
29	2	
9	4	
57	3	
23	5	
33	2	
51	3	
21	2	
33	3	
52	3	
3	3	
10	3	
54	5	
24	4	
30	2	
2	3	
6	3	
22	2	
13	3	
58	2	
42	3	
0	4	
46	3	
15	4	
50	3	
59	3	
49	3	
4	2	
13	3	
41	2	
7	4	
48	2	
54	3	
63	3	
67	2	
63	4	
7	2	
53	2	
37	2	
51	2	
20	5	
26	3	
52	4	
1	2	
16	2	
21	4	
11	5	
26	3	
0	2	
10	3	
22	2	
53	2	
7	3	
47	2	
6	5	
36	5	
68	5	
21	2	
26	3	
42	3	
13	5	
62	2	
48	2	
49	4	
41	2	
2	3	
54	3	
12	2	
9	5	
15	3	
58	2	
28	3	
19	3	
19	2	
0	2	
42	2	
64	3	
54	2	
68	4	
33	4	
37	3	
34	2	
41	2	
26	3	
29	3	
65	3	
62	3	
36	3	
60	3	
14	5	
38	3	
12	2	
58	5	
52	3	
44	3	
14	2	
56	2	
33	2	
27	2	
57	5	
40	3	
13	2	
49	3	
28	5	
19	2	
48	3	
28	2	
35	5	
19	2	
6	2	
33	2	
46	2	
5	3	
66	2	
42	2	
6	5	
28	3	
26	5	
40	5	
0	2	
10	3	
7	3	
18	2	
39	2	
45	3	
42	2	
16	2	
31	3	
4	4	
49	2	
51	3	
21	3	
29	4	
67	5	
63	2	
1	4	
6	2	
39	4	
5	5	
58	4	
16	5	
30	2	
39	3	
53	2	
35	3	
10	2	
10	2	
28	2	
19	3	
20	2	
59	2	
51	2	
38	2	
21	3	
55	5	
13	2	
28	4	
41	3	
22	2	
42	3	
47	3	
7	3	
63	3	
44	2	
11	2	
21	4	
47	2	
56	3	
46	3	
63	3	
32	3	
34	4	
6	3	
12	2	
11	4	
0	2	
34	4	
5	2	
59	5	
53	5	
52	5	
34	2	
49	3	
14	3	
2	5	
26	5	
36	4	
15	3	
24	5	
24	2	
68	2	
48	3	
34	4	
46	2	
67	5	
62	5	
1	2	
26	2	
34	5	
17	4	
2	5	
51	5	
47	4	
5	2	
8	3	
35	3	
20	3	
19	2	
23	5	
37	2	
68	2	
35	3	
60	3	
28	4	
46	2	
30	2	
66	2	
63	3	
10	4	
8	5	
66	4	
11	2	
9	3	
21	2	
42	2	
2	2	
50	2	
65	3	
43	5	
40	3	
13	3	
57	4	
30	2	

