1
80
8

0	0	0	0	0	0	0	0	
0	0	0	0	0	0	0	0	
0	0	0	0	0	0	0	0	
0	0	0	0	0	0	0	0	
0	0	0	0	0	0	0	0	
0	0	0	0	0	0	0	0	
0	0	0	0	0	0	0	0	
0	0	0	0	0	0	0	0	
0	0	0	0	0	0	0	0	
0	0	0	0	0	0	0	0	
0	0	0	0	0	0	0	0	
0	0	0	0	0	0	0	0	
0	0	0	0	0	0	0	0	
0	0	0	0	0	0	0	0	
0	0	0	0	0	0	0	0	
0	0	0	0	0	0	0	0	
0	0	0	0	0	0	0	0	
0	0	0	0	0	0	0	0	
0	0	0	0	0	0	0	0	
0	0	0	0	0	0	0	0	
0	0	0	0	0	0	0	0	
0	0	0	0	0	0	0	0	
0	0	0	0	0	0	0	0	
0	0	0	0	0	0	0	0	
0	0	0	0	0	0	0	0	
0	0	0	0	0	0	0	0	
0	0	0	0	0	0	0	0	
0	0	0	0	0	0	0	0	
0	0	0	0	0	0	0	0	
0	0	0	0	0	0	0	0	
0	0	0	0	0	0	0	0	
0	0	0	0	0	0	0	0	
0	0	0	0	0	0	0	0	
0	0	0	0	0	0	0	0	
0	0	0	0	0	0	0	0	
0	0	0	0	0	0	0	0	
0	0	0	0	0	0	0	0	
0	0	0	0	0	0	0	0	
0	0	0	0	0	0	0	0	
0	0	0	0	0	0	0	0	
0	0	0	0	0	0	0	0	
0	0	0	0	0	0	0	0	
0	0	0	0	0	0	0	0	
0	0	0	0	0	0	0	0	
0	0	0	0	0	0	0	0	
0	0	0	0	0	0	0	0	
0	0	0	0	0	0	0	0	
0	0	0	0	0	0	0	0	
0	0	0	0	0	0	0	0	
0	0	0	0	0	0	0	0	
0	0	0	0	0	0	0	0	
0	0	0	0	0	0	0	0	
0	0	0	0	0	0	0	0	
0	0	0	0	0	0	0	0	
0	0	0	0	0	0	0	0	
0	0	0	0	0	0	0	0	
0	0	0	0	0	0	0	0	
0	0	0	0	0	0	0	0	
0	0	0	0	0	0	0	0	
0	0	0	0	0	0	0	0	
0	0	0	0	0	0	0	0	
0	0	0	0	0	0	0	0	
0	0	0	0	0	0	0	0	
0	0	0	0	0	0	0	0	
0	0	0	0	0	0	0	0	
0	0	0	0	0	0	0	0	
0	0	0	0	0	0	0	0	
0	0	0	0	0	0	0	0	
0	0	0	0	0	0	0	0	
0	0	0	0	0	0	0	0	
0	0	0	0	0	0	0	0	
0	0	0	0	0	0	0	0	
0	0	0	0	0	0	0	0	
0	0	0	0	0	0	0	0	
0	0	0	0	0	0	0	0	
0	0	0	0	0	0	0	0	
0	0	0	0	0	0	0	0	
0	0	0	0	0	0	0	0	
0	0	0	0	0	0	0	0	
0	0	0	0	0	0	0	0	



45
178

5	5	
33	2	
23	4	
4	5	
23	4	
10	4	
33	3	
4	2	
33	5	
17	3	
11	4	
19	5	
33	2	
21	2	
29	3	
14	2	
35	2	
11	3	
42	3	
32	2	
0	3	
21	2	
5	5	
32	3	
8	2	
5	2	
33	4	
16	3	
2	2	
25	2	
41	5	
10	2	
8	2	
40	2	
16	4	
34	3	
4	2	
6	3	
15	3	
25	5	
34	3	
17	2	
28	5	
19	5	
39	2	
28	2	
39	5	
16	4	
41	4	
31	2	
9	2	
15	3	
0	3	
13	2	
43	3	
7	4	
7	2	
0	3	
31	3	
38	2	
24	2	
9	5	
6	2	
19	4	
23	2	
35	2	
25	4	
22	2	
3	5	
28	2	
15	4	
20	2	
16	2	
10	2	
25	5	
21	2	
2	2	
3	5	
42	4	
42	2	
27	3	
3	2	
3	2	
27	3	
35	5	
30	3	
9	3	
33	2	
16	4	
22	4	
44	4	
9	3	
0	3	
15	3	
25	3	
36	3	
43	2	
18	5	
27	5	
44	5	
25	2	
18	2	
0	2	
36	2	
3	2	
7	2	
30	3	
44	3	
11	5	
28	5	
24	3	
26	2	
13	4	
3	2	
16	2	
33	4	
16	2	
3	3	
1	2	
2	3	
17	2	
10	2	
37	3	
39	2	
24	2	
43	4	
3	3	
27	4	
26	3	
10	2	
22	2	
29	2	
26	3	
14	3	
22	2	
7	4	
1	3	
37	4	
22	2	
40	2	
22	2	
12	2	
40	2	
23	3	
16	5	
14	4	
24	3	
39	5	
38	2	
25	5	
35	2	
39	2	
36	2	
41	2	
31	3	
35	3	
34	5	
20	3	
13	3	
24	4	
12	2	
0	5	
7	3	
34	3	
7	5	
29	4	
32	3	
0	4	
7	4	
24	5	
39	2	
29	4	
39	3	
12	5	
39	3	
6	2	
22	3	
42	2	

