1
80
8

0	0	0	0	0	0	0	0	
0	0	0	0	0	0	0	0	
0	0	0	0	0	0	0	0	
0	0	0	0	0	0	0	0	
0	0	0	0	0	0	0	0	
0	0	0	0	0	0	0	0	
0	0	0	0	0	0	0	0	
0	0	0	0	0	0	0	0	
0	0	0	0	0	0	0	0	
0	0	0	0	0	0	0	0	
0	0	0	0	0	0	0	0	
0	0	0	0	0	0	0	0	
0	0	0	0	0	0	0	0	
0	0	0	0	0	0	0	0	
0	0	0	0	0	0	0	0	
0	0	0	0	0	0	0	0	
0	0	0	0	0	0	0	0	
0	0	0	0	0	0	0	0	
0	0	0	0	0	0	0	0	
0	0	0	0	0	0	0	0	
0	0	0	0	0	0	0	0	
0	0	0	0	0	0	0	0	
0	0	0	0	0	0	0	0	
0	0	0	0	0	0	0	0	
0	0	0	0	0	0	0	0	
0	0	0	0	0	0	0	0	
0	0	0	0	0	0	0	0	
0	0	0	0	0	0	0	0	
0	0	0	0	0	0	0	0	
0	0	0	0	0	0	0	0	
0	0	0	0	0	0	0	0	
0	0	0	0	0	0	0	0	
0	0	0	0	0	0	0	0	
0	0	0	0	0	0	0	0	
0	0	0	0	0	0	0	0	
0	0	0	0	0	0	0	0	
0	0	0	0	0	0	0	0	
0	0	0	0	0	0	0	0	
0	0	0	0	0	0	0	0	
0	0	0	0	0	0	0	0	
0	0	0	0	0	0	0	0	
0	0	0	0	0	0	0	0	
0	0	0	0	0	0	0	0	
0	0	0	0	0	0	0	0	
0	0	0	0	0	0	0	0	
0	0	0	0	0	0	0	0	
0	0	0	0	0	0	0	0	
0	0	0	0	0	0	0	0	
0	0	0	0	0	0	0	0	
0	0	0	0	0	0	0	0	
0	0	0	0	0	0	0	0	
0	0	0	0	0	0	0	0	
0	0	0	0	0	0	0	0	
0	0	0	0	0	0	0	0	
0	0	0	0	0	0	0	0	
0	0	0	0	0	0	0	0	
0	0	0	0	0	0	0	0	
0	0	0	0	0	0	0	0	
0	0	0	0	0	0	0	0	
0	0	0	0	0	0	0	0	
0	0	0	0	0	0	0	0	
0	0	0	0	0	0	0	0	
0	0	0	0	0	0	0	0	
0	0	0	0	0	0	0	0	
0	0	0	0	0	0	0	0	
0	0	0	0	0	0	0	0	
0	0	0	0	0	0	0	0	
0	0	0	0	0	0	0	0	
0	0	0	0	0	0	0	0	
0	0	0	0	0	0	0	0	
0	0	0	0	0	0	0	0	
0	0	0	0	0	0	0	0	
0	0	0	0	0	0	0	0	
0	0	0	0	0	0	0	0	
0	0	0	0	0	0	0	0	
0	0	0	0	0	0	0	0	
0	0	0	0	0	0	0	0	
0	0	0	0	0	0	0	0	
0	0	0	0	0	0	0	0	
0	0	0	0	0	0	0	0	



40
185

24	2	
16	4	
32	2	
23	2	
15	2	
23	4	
19	5	
0	3	
13	2	
5	2	
3	2	
16	2	
30	5	
19	3	
36	2	
34	4	
0	5	
0	4	
26	5	
17	2	
39	2	
10	3	
16	5	
24	2	
36	5	
38	2	
34	3	
32	5	
14	2	
22	5	
35	5	
3	4	
39	3	
32	3	
28	2	
34	3	
9	3	
1	2	
15	3	
3	3	
25	3	
14	3	
37	5	
14	2	
20	3	
16	4	
19	4	
38	3	
18	2	
9	2	
38	2	
33	2	
2	2	
1	3	
12	4	
32	2	
33	4	
27	3	
37	2	
13	5	
26	2	
18	3	
25	3	
35	2	
19	5	
25	4	
18	2	
30	2	
12	2	
16	4	
36	2	
38	2	
22	5	
10	2	
22	2	
28	2	
36	3	
25	5	
36	2	
21	2	
27	2	
25	2	
9	5	
5	5	
38	2	
28	3	
10	2	
0	4	
12	2	
26	4	
12	2	
30	2	
15	3	
18	5	
7	2	
12	2	
30	4	
1	5	
29	2	
26	2	
32	2	
31	2	
26	5	
16	4	
28	4	
20	3	
10	2	
22	2	
29	3	
33	2	
19	2	
2	3	
23	3	
6	5	
17	3	
21	2	
23	2	
6	4	
32	3	
38	2	
14	2	
33	2	
9	2	
31	2	
32	3	
19	2	
37	3	
12	5	
9	2	
11	2	
24	3	
20	2	
26	3	
8	4	
23	4	
30	5	
11	3	
39	2	
16	3	
18	4	
27	3	
7	4	
3	4	
16	3	
2	5	
21	3	
22	2	
27	2	
4	2	
31	2	
3	2	
31	3	
19	2	
28	2	
15	2	
36	2	
28	2	
6	5	
23	2	
4	2	
23	2	
28	3	
35	3	
25	2	
10	3	
6	3	
37	2	
19	2	
3	5	
18	4	
24	3	
36	4	
4	2	
9	3	
20	4	
30	2	
26	3	
10	3	
1	3	
10	2	
12	3	
13	3	
38	2	
8	2	
28	3	

