1
90
8

0	0	0	0	0	0	0	0	
0	0	0	0	0	0	0	0	
0	0	0	0	0	0	0	0	
0	0	0	0	0	0	0	0	
0	0	0	0	0	0	0	0	
0	0	0	0	0	0	0	0	
0	0	0	0	0	0	0	0	
0	0	0	0	0	0	0	0	
0	0	0	0	0	0	0	0	
0	0	0	0	0	0	0	0	
0	0	0	0	0	0	0	0	
0	0	0	0	0	0	0	0	
0	0	0	0	0	0	0	0	
0	0	0	0	0	0	0	0	
0	0	0	0	0	0	0	0	
0	0	0	0	0	0	0	0	
0	0	0	0	0	0	0	0	
0	0	0	0	0	0	0	0	
0	0	0	0	0	0	0	0	
0	0	0	0	0	0	0	0	
0	0	0	0	0	0	0	0	
0	0	0	0	0	0	0	0	
0	0	0	0	0	0	0	0	
0	0	0	0	0	0	0	0	
0	0	0	0	0	0	0	0	
0	0	0	0	0	0	0	0	
0	0	0	0	0	0	0	0	
0	0	0	0	0	0	0	0	
0	0	0	0	0	0	0	0	
0	0	0	0	0	0	0	0	
0	0	0	0	0	0	0	0	
0	0	0	0	0	0	0	0	
0	0	0	0	0	0	0	0	
0	0	0	0	0	0	0	0	
0	0	0	0	0	0	0	0	
0	0	0	0	0	0	0	0	
0	0	0	0	0	0	0	0	
0	0	0	0	0	0	0	0	
0	0	0	0	0	0	0	0	
0	0	0	0	0	0	0	0	
0	0	0	0	0	0	0	0	
0	0	0	0	0	0	0	0	
0	0	0	0	0	0	0	0	
0	0	0	0	0	0	0	0	
0	0	0	0	0	0	0	0	
0	0	0	0	0	0	0	0	
0	0	0	0	0	0	0	0	
0	0	0	0	0	0	0	0	
0	0	0	0	0	0	0	0	
0	0	0	0	0	0	0	0	
0	0	0	0	0	0	0	0	
0	0	0	0	0	0	0	0	
0	0	0	0	0	0	0	0	
0	0	0	0	0	0	0	0	
0	0	0	0	0	0	0	0	
0	0	0	0	0	0	0	0	
0	0	0	0	0	0	0	0	
0	0	0	0	0	0	0	0	
0	0	0	0	0	0	0	0	
0	0	0	0	0	0	0	0	
0	0	0	0	0	0	0	0	
0	0	0	0	0	0	0	0	
0	0	0	0	0	0	0	0	
0	0	0	0	0	0	0	0	
0	0	0	0	0	0	0	0	
0	0	0	0	0	0	0	0	
0	0	0	0	0	0	0	0	
0	0	0	0	0	0	0	0	
0	0	0	0	0	0	0	0	
0	0	0	0	0	0	0	0	
0	0	0	0	0	0	0	0	
0	0	0	0	0	0	0	0	
0	0	0	0	0	0	0	0	
0	0	0	0	0	0	0	0	
0	0	0	0	0	0	0	0	
0	0	0	0	0	0	0	0	
0	0	0	0	0	0	0	0	
0	0	0	0	0	0	0	0	
0	0	0	0	0	0	0	0	
0	0	0	0	0	0	0	0	
0	0	0	0	0	0	0	0	
0	0	0	0	0	0	0	0	
0	0	0	0	0	0	0	0	
0	0	0	0	0	0	0	0	
0	0	0	0	0	0	0	0	
0	0	0	0	0	0	0	0	
0	0	0	0	0	0	0	0	
0	0	0	0	0	0	0	0	
0	0	0	0	0	0	0	0	
0	0	0	0	0	0	0	0	



46
206

24	2	
11	3	
43	2	
16	4	
8	2	
33	3	
21	2	
19	2	
31	3	
43	5	
13	2	
21	2	
13	4	
14	2	
12	2	
23	4	
39	2	
30	3	
26	4	
23	5	
4	3	
16	3	
12	5	
6	3	
4	2	
45	2	
28	5	
35	5	
10	2	
5	3	
28	3	
43	2	
20	4	
15	2	
2	5	
16	3	
12	2	
28	5	
25	3	
20	2	
36	2	
38	5	
34	2	
37	2	
1	3	
14	3	
37	3	
13	3	
11	3	
3	3	
27	2	
9	3	
3	3	
6	2	
44	3	
37	5	
16	2	
12	4	
38	2	
20	5	
8	2	
45	5	
14	2	
37	2	
24	4	
6	2	
21	2	
36	2	
4	2	
13	5	
4	2	
17	2	
35	2	
22	4	
40	2	
17	3	
0	4	
29	2	
21	2	
44	2	
22	3	
13	3	
40	2	
25	3	
5	5	
28	3	
14	2	
21	2	
3	2	
16	2	
21	5	
39	2	
12	2	
26	5	
34	2	
10	3	
20	3	
14	2	
42	3	
24	2	
6	5	
34	5	
7	3	
23	3	
1	3	
31	2	
39	4	
32	5	
19	2	
40	2	
20	4	
4	3	
40	2	
25	2	
10	2	
13	3	
28	5	
4	3	
29	2	
6	3	
4	5	
20	3	
12	3	
29	2	
44	3	
23	3	
14	2	
38	3	
20	2	
35	3	
28	2	
18	2	
9	3	
17	2	
40	3	
37	3	
30	2	
18	3	
15	5	
35	3	
34	5	
23	5	
44	3	
7	2	
7	2	
26	3	
26	3	
16	2	
40	5	
19	5	
4	5	
27	2	
10	3	
2	2	
24	3	
34	2	
8	3	
9	2	
29	2	
41	5	
41	3	
25	2	
43	5	
6	5	
10	4	
14	3	
10	3	
2	3	
5	2	
7	3	
38	2	
21	3	
32	2	
29	5	
9	2	
44	3	
45	2	
29	2	
6	3	
7	5	
13	2	
12	2	
36	2	
23	3	
28	2	
6	3	
11	5	
37	4	
31	4	
34	3	
26	3	
41	3	
16	4	
33	2	
37	2	
23	3	
0	2	
20	3	
10	5	
34	2	
40	5	
27	3	
3	2	
42	2	
25	3	
22	2	

