1
90
8

0	0	0	0	0	0	0	0	
0	0	0	0	0	0	0	0	
0	0	0	0	0	0	0	0	
0	0	0	0	0	0	0	0	
0	0	0	0	0	0	0	0	
0	0	0	0	0	0	0	0	
0	0	0	0	0	0	0	0	
0	0	0	0	0	0	0	0	
0	0	0	0	0	0	0	0	
0	0	0	0	0	0	0	0	
0	0	0	0	0	0	0	0	
0	0	0	0	0	0	0	0	
0	0	0	0	0	0	0	0	
0	0	0	0	0	0	0	0	
0	0	0	0	0	0	0	0	
0	0	0	0	0	0	0	0	
0	0	0	0	0	0	0	0	
0	0	0	0	0	0	0	0	
0	0	0	0	0	0	0	0	
0	0	0	0	0	0	0	0	
0	0	0	0	0	0	0	0	
0	0	0	0	0	0	0	0	
0	0	0	0	0	0	0	0	
0	0	0	0	0	0	0	0	
0	0	0	0	0	0	0	0	
0	0	0	0	0	0	0	0	
0	0	0	0	0	0	0	0	
0	0	0	0	0	0	0	0	
0	0	0	0	0	0	0	0	
0	0	0	0	0	0	0	0	
0	0	0	0	0	0	0	0	
0	0	0	0	0	0	0	0	
0	0	0	0	0	0	0	0	
0	0	0	0	0	0	0	0	
0	0	0	0	0	0	0	0	
0	0	0	0	0	0	0	0	
0	0	0	0	0	0	0	0	
0	0	0	0	0	0	0	0	
0	0	0	0	0	0	0	0	
0	0	0	0	0	0	0	0	
0	0	0	0	0	0	0	0	
0	0	0	0	0	0	0	0	
0	0	0	0	0	0	0	0	
0	0	0	0	0	0	0	0	
0	0	0	0	0	0	0	0	
0	0	0	0	0	0	0	0	
0	0	0	0	0	0	0	0	
0	0	0	0	0	0	0	0	
0	0	0	0	0	0	0	0	
0	0	0	0	0	0	0	0	
0	0	0	0	0	0	0	0	
0	0	0	0	0	0	0	0	
0	0	0	0	0	0	0	0	
0	0	0	0	0	0	0	0	
0	0	0	0	0	0	0	0	
0	0	0	0	0	0	0	0	
0	0	0	0	0	0	0	0	
0	0	0	0	0	0	0	0	
0	0	0	0	0	0	0	0	
0	0	0	0	0	0	0	0	
0	0	0	0	0	0	0	0	
0	0	0	0	0	0	0	0	
0	0	0	0	0	0	0	0	
0	0	0	0	0	0	0	0	
0	0	0	0	0	0	0	0	
0	0	0	0	0	0	0	0	
0	0	0	0	0	0	0	0	
0	0	0	0	0	0	0	0	
0	0	0	0	0	0	0	0	
0	0	0	0	0	0	0	0	
0	0	0	0	0	0	0	0	
0	0	0	0	0	0	0	0	
0	0	0	0	0	0	0	0	
0	0	0	0	0	0	0	0	
0	0	0	0	0	0	0	0	
0	0	0	0	0	0	0	0	
0	0	0	0	0	0	0	0	
0	0	0	0	0	0	0	0	
0	0	0	0	0	0	0	0	
0	0	0	0	0	0	0	0	
0	0	0	0	0	0	0	0	
0	0	0	0	0	0	0	0	
0	0	0	0	0	0	0	0	
0	0	0	0	0	0	0	0	
0	0	0	0	0	0	0	0	
0	0	0	0	0	0	0	0	
0	0	0	0	0	0	0	0	
0	0	0	0	0	0	0	0	
0	0	0	0	0	0	0	0	
0	0	0	0	0	0	0	0	



40
196

3	2	
13	3	
37	3	
35	3	
38	3	
17	2	
21	2	
38	2	
10	5	
6	2	
26	2	
29	2	
8	3	
2	4	
7	4	
25	3	
17	3	
13	2	
31	4	
6	3	
29	4	
8	4	
38	3	
12	4	
3	2	
11	4	
23	3	
1	2	
20	3	
17	5	
23	5	
22	2	
19	2	
22	3	
15	4	
30	2	
18	3	
28	3	
14	2	
34	5	
17	4	
19	4	
0	3	
23	4	
12	5	
10	2	
28	2	
30	2	
15	4	
32	3	
39	2	
22	2	
29	4	
26	2	
14	3	
26	3	
33	2	
16	5	
24	5	
34	3	
7	2	
0	2	
7	5	
15	2	
25	2	
35	5	
29	2	
39	3	
10	2	
12	5	
20	3	
2	2	
10	3	
3	2	
17	5	
11	3	
39	2	
13	2	
3	3	
14	2	
38	4	
19	2	
31	2	
10	2	
39	5	
23	5	
1	3	
29	4	
26	5	
27	3	
6	3	
25	5	
36	2	
14	5	
27	2	
31	2	
16	3	
7	4	
24	2	
37	2	
23	3	
32	3	
23	2	
1	2	
38	3	
4	2	
27	2	
12	4	
11	4	
1	2	
33	5	
27	3	
27	2	
1	5	
5	5	
12	3	
11	2	
4	3	
5	2	
17	3	
27	2	
22	2	
38	3	
39	3	
16	5	
11	3	
24	2	
6	5	
21	2	
25	5	
37	2	
7	2	
9	5	
6	5	
32	2	
39	3	
36	5	
18	3	
31	5	
4	2	
24	2	
8	5	
26	2	
35	2	
36	2	
17	3	
8	3	
8	2	
21	2	
21	2	
32	2	
6	4	
39	2	
3	5	
35	3	
35	3	
38	3	
14	5	
31	5	
29	2	
36	5	
3	2	
35	3	
0	2	
20	3	
12	5	
29	2	
14	3	
12	5	
23	5	
6	3	
1	2	
3	5	
29	3	
18	2	
36	4	
25	5	
35	2	
39	5	
9	5	
36	3	
4	4	
3	2	
31	2	
20	4	
25	3	
36	4	
37	4	
35	2	
15	5	
37	3	
36	4	
16	2	
25	2	
32	2	
32	2	

