1
90
8

0	0	0	0	0	0	0	0	
0	0	0	0	0	0	0	0	
0	0	0	0	0	0	0	0	
0	0	0	0	0	0	0	0	
0	0	0	0	0	0	0	0	
0	0	0	0	0	0	0	0	
0	0	0	0	0	0	0	0	
0	0	0	0	0	0	0	0	
0	0	0	0	0	0	0	0	
0	0	0	0	0	0	0	0	
0	0	0	0	0	0	0	0	
0	0	0	0	0	0	0	0	
0	0	0	0	0	0	0	0	
0	0	0	0	0	0	0	0	
0	0	0	0	0	0	0	0	
0	0	0	0	0	0	0	0	
0	0	0	0	0	0	0	0	
0	0	0	0	0	0	0	0	
0	0	0	0	0	0	0	0	
0	0	0	0	0	0	0	0	
0	0	0	0	0	0	0	0	
0	0	0	0	0	0	0	0	
0	0	0	0	0	0	0	0	
0	0	0	0	0	0	0	0	
0	0	0	0	0	0	0	0	
0	0	0	0	0	0	0	0	
0	0	0	0	0	0	0	0	
0	0	0	0	0	0	0	0	
0	0	0	0	0	0	0	0	
0	0	0	0	0	0	0	0	
0	0	0	0	0	0	0	0	
0	0	0	0	0	0	0	0	
0	0	0	0	0	0	0	0	
0	0	0	0	0	0	0	0	
0	0	0	0	0	0	0	0	
0	0	0	0	0	0	0	0	
0	0	0	0	0	0	0	0	
0	0	0	0	0	0	0	0	
0	0	0	0	0	0	0	0	
0	0	0	0	0	0	0	0	
0	0	0	0	0	0	0	0	
0	0	0	0	0	0	0	0	
0	0	0	0	0	0	0	0	
0	0	0	0	0	0	0	0	
0	0	0	0	0	0	0	0	
0	0	0	0	0	0	0	0	
0	0	0	0	0	0	0	0	
0	0	0	0	0	0	0	0	
0	0	0	0	0	0	0	0	
0	0	0	0	0	0	0	0	
0	0	0	0	0	0	0	0	
0	0	0	0	0	0	0	0	
0	0	0	0	0	0	0	0	
0	0	0	0	0	0	0	0	
0	0	0	0	0	0	0	0	
0	0	0	0	0	0	0	0	
0	0	0	0	0	0	0	0	
0	0	0	0	0	0	0	0	
0	0	0	0	0	0	0	0	
0	0	0	0	0	0	0	0	
0	0	0	0	0	0	0	0	
0	0	0	0	0	0	0	0	
0	0	0	0	0	0	0	0	
0	0	0	0	0	0	0	0	
0	0	0	0	0	0	0	0	
0	0	0	0	0	0	0	0	
0	0	0	0	0	0	0	0	
0	0	0	0	0	0	0	0	
0	0	0	0	0	0	0	0	
0	0	0	0	0	0	0	0	
0	0	0	0	0	0	0	0	
0	0	0	0	0	0	0	0	
0	0	0	0	0	0	0	0	
0	0	0	0	0	0	0	0	
0	0	0	0	0	0	0	0	
0	0	0	0	0	0	0	0	
0	0	0	0	0	0	0	0	
0	0	0	0	0	0	0	0	
0	0	0	0	0	0	0	0	
0	0	0	0	0	0	0	0	
0	0	0	0	0	0	0	0	
0	0	0	0	0	0	0	0	
0	0	0	0	0	0	0	0	
0	0	0	0	0	0	0	0	
0	0	0	0	0	0	0	0	
0	0	0	0	0	0	0	0	
0	0	0	0	0	0	0	0	
0	0	0	0	0	0	0	0	
0	0	0	0	0	0	0	0	
0	0	0	0	0	0	0	0	



44
199

2	2	
39	2	
22	5	
23	3	
12	5	
1	5	
15	3	
16	3	
8	4	
25	2	
11	3	
19	4	
25	2	
13	5	
9	5	
11	3	
11	3	
2	2	
40	2	
9	2	
14	2	
37	2	
39	2	
38	3	
6	3	
34	3	
27	4	
8	3	
40	3	
33	4	
7	2	
20	3	
31	2	
27	3	
3	5	
4	4	
0	2	
27	4	
43	2	
4	2	
19	3	
31	5	
1	5	
24	3	
17	2	
9	2	
8	5	
18	5	
5	3	
3	3	
28	2	
2	2	
18	4	
8	4	
38	3	
24	4	
37	3	
30	4	
27	3	
22	4	
10	2	
19	5	
29	2	
21	3	
38	3	
2	2	
1	3	
4	2	
5	2	
2	3	
39	2	
28	2	
40	5	
11	3	
30	5	
18	3	
22	5	
39	4	
16	2	
16	2	
20	3	
38	4	
25	2	
35	3	
18	5	
27	2	
8	2	
35	2	
19	2	
32	5	
37	2	
41	3	
33	2	
34	3	
14	3	
15	5	
8	2	
5	3	
30	2	
27	4	
39	2	
11	2	
38	2	
19	4	
4	5	
41	3	
40	5	
28	2	
37	2	
7	2	
37	5	
27	2	
6	2	
10	2	
23	2	
42	2	
19	3	
22	3	
17	3	
31	2	
43	3	
9	2	
9	5	
2	4	
26	3	
43	5	
6	2	
29	4	
14	4	
16	2	
18	3	
12	2	
11	2	
20	5	
9	2	
22	3	
19	3	
42	3	
42	5	
31	2	
23	3	
9	3	
35	2	
8	2	
26	2	
42	3	
18	5	
11	2	
20	3	
35	3	
31	3	
20	5	
4	5	
20	3	
39	5	
33	2	
13	5	
4	2	
32	2	
38	3	
17	2	
21	2	
15	2	
18	2	
21	3	
41	2	
43	2	
34	5	
14	2	
4	2	
19	5	
28	4	
21	3	
1	3	
15	3	
2	2	
9	3	
8	3	
27	4	
39	5	
30	5	
17	2	
40	3	
20	5	
0	5	
36	3	
21	4	
13	4	
16	5	
7	3	
22	2	
32	2	
36	3	
21	2	
25	2	
13	2	
28	2	
17	5	
40	2	

