1
90
10

0	0	0	0	0	0	0	0	0	0	
0	0	0	0	0	0	0	0	0	0	
0	0	0	0	0	0	0	0	0	0	
0	0	0	0	0	0	0	0	0	0	
0	0	0	0	0	0	0	0	0	0	
0	0	0	0	0	0	0	0	0	0	
0	0	0	0	0	0	0	0	0	0	
0	0	0	0	0	0	0	0	0	0	
0	0	0	0	0	0	0	0	0	0	
0	0	0	0	0	0	0	0	0	0	
0	0	0	0	0	0	0	0	0	0	
0	0	0	0	0	0	0	0	0	0	
0	0	0	0	0	0	0	0	0	0	
0	0	0	0	0	0	0	0	0	0	
0	0	0	0	0	0	0	0	0	0	
0	0	0	0	0	0	0	0	0	0	
0	0	0	0	0	0	0	0	0	0	
0	0	0	0	0	0	0	0	0	0	
0	0	0	0	0	0	0	0	0	0	
0	0	0	0	0	0	0	0	0	0	
0	0	0	0	0	0	0	0	0	0	
0	0	0	0	0	0	0	0	0	0	
0	0	0	0	0	0	0	0	0	0	
0	0	0	0	0	0	0	0	0	0	
0	0	0	0	0	0	0	0	0	0	
0	0	0	0	0	0	0	0	0	0	
0	0	0	0	0	0	0	0	0	0	
0	0	0	0	0	0	0	0	0	0	
0	0	0	0	0	0	0	0	0	0	
0	0	0	0	0	0	0	0	0	0	
0	0	0	0	0	0	0	0	0	0	
0	0	0	0	0	0	0	0	0	0	
0	0	0	0	0	0	0	0	0	0	
0	0	0	0	0	0	0	0	0	0	
0	0	0	0	0	0	0	0	0	0	
0	0	0	0	0	0	0	0	0	0	
0	0	0	0	0	0	0	0	0	0	
0	0	0	0	0	0	0	0	0	0	
0	0	0	0	0	0	0	0	0	0	
0	0	0	0	0	0	0	0	0	0	
0	0	0	0	0	0	0	0	0	0	
0	0	0	0	0	0	0	0	0	0	
0	0	0	0	0	0	0	0	0	0	
0	0	0	0	0	0	0	0	0	0	
0	0	0	0	0	0	0	0	0	0	
0	0	0	0	0	0	0	0	0	0	
0	0	0	0	0	0	0	0	0	0	
0	0	0	0	0	0	0	0	0	0	
0	0	0	0	0	0	0	0	0	0	
0	0	0	0	0	0	0	0	0	0	
0	0	0	0	0	0	0	0	0	0	
0	0	0	0	0	0	0	0	0	0	
0	0	0	0	0	0	0	0	0	0	
0	0	0	0	0	0	0	0	0	0	
0	0	0	0	0	0	0	0	0	0	
0	0	0	0	0	0	0	0	0	0	
0	0	0	0	0	0	0	0	0	0	
0	0	0	0	0	0	0	0	0	0	
0	0	0	0	0	0	0	0	0	0	
0	0	0	0	0	0	0	0	0	0	
0	0	0	0	0	0	0	0	0	0	
0	0	0	0	0	0	0	0	0	0	
0	0	0	0	0	0	0	0	0	0	
0	0	0	0	0	0	0	0	0	0	
0	0	0	0	0	0	0	0	0	0	
0	0	0	0	0	0	0	0	0	0	
0	0	0	0	0	0	0	0	0	0	
0	0	0	0	0	0	0	0	0	0	
0	0	0	0	0	0	0	0	0	0	
0	0	0	0	0	0	0	0	0	0	
0	0	0	0	0	0	0	0	0	0	
0	0	0	0	0	0	0	0	0	0	
0	0	0	0	0	0	0	0	0	0	
0	0	0	0	0	0	0	0	0	0	
0	0	0	0	0	0	0	0	0	0	
0	0	0	0	0	0	0	0	0	0	
0	0	0	0	0	0	0	0	0	0	
0	0	0	0	0	0	0	0	0	0	
0	0	0	0	0	0	0	0	0	0	
0	0	0	0	0	0	0	0	0	0	
0	0	0	0	0	0	0	0	0	0	
0	0	0	0	0	0	0	0	0	0	
0	0	0	0	0	0	0	0	0	0	
0	0	0	0	0	0	0	0	0	0	
0	0	0	0	0	0	0	0	0	0	
0	0	0	0	0	0	0	0	0	0	
0	0	0	0	0	0	0	0	0	0	
0	0	0	0	0	0	0	0	0	0	
0	0	0	0	0	0	0	0	0	0	
0	0	0	0	0	0	0	0	0	0	



53
237

9	2	
4	2	
44	5	
41	2	
23	2	
14	5	
15	4	
38	3	
15	3	
2	3	
5	5	
28	2	
1	4	
43	3	
37	2	
23	4	
21	5	
52	5	
16	3	
51	3	
49	2	
49	4	
34	2	
7	2	
42	5	
18	2	
6	2	
24	2	
34	2	
48	5	
37	2	
52	5	
4	2	
44	2	
30	2	
44	5	
21	2	
47	5	
15	2	
29	5	
25	4	
25	2	
16	3	
48	3	
10	5	
33	2	
5	4	
37	5	
22	3	
0	3	
20	3	
19	3	
13	3	
21	2	
8	5	
26	2	
22	5	
25	2	
8	3	
20	2	
16	3	
27	5	
47	3	
41	4	
46	2	
18	3	
8	2	
43	3	
33	4	
19	2	
37	4	
44	2	
52	4	
18	3	
49	3	
51	3	
50	3	
31	5	
3	4	
40	2	
27	4	
38	2	
48	3	
51	3	
33	4	
45	3	
26	3	
48	4	
9	2	
26	4	
15	5	
2	4	
32	2	
51	4	
44	2	
8	2	
49	2	
48	2	
12	3	
25	2	
8	4	
36	2	
36	3	
18	4	
47	4	
3	5	
10	5	
3	4	
39	3	
36	3	
38	4	
14	4	
5	2	
47	4	
6	2	
45	5	
40	5	
10	3	
10	5	
12	2	
11	2	
8	3	
4	3	
25	2	
16	4	
34	5	
7	4	
27	2	
47	5	
27	3	
45	2	
35	3	
25	3	
51	2	
24	3	
16	2	
21	5	
18	2	
44	2	
21	2	
18	3	
18	3	
25	3	
36	5	
8	3	
3	2	
33	4	
30	2	
23	5	
8	3	
33	2	
30	4	
47	3	
37	5	
36	4	
36	2	
26	2	
38	2	
20	3	
16	2	
36	5	
11	5	
49	3	
31	2	
16	5	
49	3	
9	4	
17	4	
23	3	
15	4	
5	3	
26	4	
37	3	
0	3	
35	2	
0	3	
4	2	
46	2	
21	2	
10	2	
33	3	
31	5	
18	5	
14	2	
38	2	
6	2	
13	3	
48	2	
37	5	
45	3	
2	2	
51	2	
39	5	
50	5	
0	2	
52	4	
47	3	
15	5	
42	3	
46	5	
43	3	
29	3	
9	5	
2	3	
5	2	
47	5	
16	3	
33	2	
40	5	
19	5	
48	2	
51	3	
22	3	
28	5	
43	3	
0	2	
17	5	
26	3	
32	3	
7	3	
11	2	
20	3	
48	2	
25	3	
0	2	
9	5	
9	4	
40	5	
44	3	
23	5	
37	3	
1	3	
17	3	
28	3	
11	4	
33	2	
46	4	

