1
90
10

0	0	0	0	0	0	0	0	0	0	
0	0	0	0	0	0	0	0	0	0	
0	0	0	0	0	0	0	0	0	0	
0	0	0	0	0	0	0	0	0	0	
0	0	0	0	0	0	0	0	0	0	
0	0	0	0	0	0	0	0	0	0	
0	0	0	0	0	0	0	0	0	0	
0	0	0	0	0	0	0	0	0	0	
0	0	0	0	0	0	0	0	0	0	
0	0	0	0	0	0	0	0	0	0	
0	0	0	0	0	0	0	0	0	0	
0	0	0	0	0	0	0	0	0	0	
0	0	0	0	0	0	0	0	0	0	
0	0	0	0	0	0	0	0	0	0	
0	0	0	0	0	0	0	0	0	0	
0	0	0	0	0	0	0	0	0	0	
0	0	0	0	0	0	0	0	0	0	
0	0	0	0	0	0	0	0	0	0	
0	0	0	0	0	0	0	0	0	0	
0	0	0	0	0	0	0	0	0	0	
0	0	0	0	0	0	0	0	0	0	
0	0	0	0	0	0	0	0	0	0	
0	0	0	0	0	0	0	0	0	0	
0	0	0	0	0	0	0	0	0	0	
0	0	0	0	0	0	0	0	0	0	
0	0	0	0	0	0	0	0	0	0	
0	0	0	0	0	0	0	0	0	0	
0	0	0	0	0	0	0	0	0	0	
0	0	0	0	0	0	0	0	0	0	
0	0	0	0	0	0	0	0	0	0	
0	0	0	0	0	0	0	0	0	0	
0	0	0	0	0	0	0	0	0	0	
0	0	0	0	0	0	0	0	0	0	
0	0	0	0	0	0	0	0	0	0	
0	0	0	0	0	0	0	0	0	0	
0	0	0	0	0	0	0	0	0	0	
0	0	0	0	0	0	0	0	0	0	
0	0	0	0	0	0	0	0	0	0	
0	0	0	0	0	0	0	0	0	0	
0	0	0	0	0	0	0	0	0	0	
0	0	0	0	0	0	0	0	0	0	
0	0	0	0	0	0	0	0	0	0	
0	0	0	0	0	0	0	0	0	0	
0	0	0	0	0	0	0	0	0	0	
0	0	0	0	0	0	0	0	0	0	
0	0	0	0	0	0	0	0	0	0	
0	0	0	0	0	0	0	0	0	0	
0	0	0	0	0	0	0	0	0	0	
0	0	0	0	0	0	0	0	0	0	
0	0	0	0	0	0	0	0	0	0	
0	0	0	0	0	0	0	0	0	0	
0	0	0	0	0	0	0	0	0	0	
0	0	0	0	0	0	0	0	0	0	
0	0	0	0	0	0	0	0	0	0	
0	0	0	0	0	0	0	0	0	0	
0	0	0	0	0	0	0	0	0	0	
0	0	0	0	0	0	0	0	0	0	
0	0	0	0	0	0	0	0	0	0	
0	0	0	0	0	0	0	0	0	0	
0	0	0	0	0	0	0	0	0	0	
0	0	0	0	0	0	0	0	0	0	
0	0	0	0	0	0	0	0	0	0	
0	0	0	0	0	0	0	0	0	0	
0	0	0	0	0	0	0	0	0	0	
0	0	0	0	0	0	0	0	0	0	
0	0	0	0	0	0	0	0	0	0	
0	0	0	0	0	0	0	0	0	0	
0	0	0	0	0	0	0	0	0	0	
0	0	0	0	0	0	0	0	0	0	
0	0	0	0	0	0	0	0	0	0	
0	0	0	0	0	0	0	0	0	0	
0	0	0	0	0	0	0	0	0	0	
0	0	0	0	0	0	0	0	0	0	
0	0	0	0	0	0	0	0	0	0	
0	0	0	0	0	0	0	0	0	0	
0	0	0	0	0	0	0	0	0	0	
0	0	0	0	0	0	0	0	0	0	
0	0	0	0	0	0	0	0	0	0	
0	0	0	0	0	0	0	0	0	0	
0	0	0	0	0	0	0	0	0	0	
0	0	0	0	0	0	0	0	0	0	
0	0	0	0	0	0	0	0	0	0	
0	0	0	0	0	0	0	0	0	0	
0	0	0	0	0	0	0	0	0	0	
0	0	0	0	0	0	0	0	0	0	
0	0	0	0	0	0	0	0	0	0	
0	0	0	0	0	0	0	0	0	0	
0	0	0	0	0	0	0	0	0	0	
0	0	0	0	0	0	0	0	0	0	
0	0	0	0	0	0	0	0	0	0	



57
245

37	3	
45	3	
50	3	
52	4	
31	2	
34	5	
24	2	
14	5	
33	2	
28	4	
39	2	
8	4	
33	3	
25	2	
34	2	
37	3	
27	2	
37	3	
6	3	
46	2	
43	2	
30	2	
6	2	
29	2	
43	5	
52	2	
48	4	
5	4	
13	4	
49	3	
15	5	
14	5	
50	3	
42	5	
17	3	
9	4	
28	4	
2	2	
34	5	
44	2	
45	3	
4	3	
37	2	
0	5	
7	5	
25	3	
33	2	
46	3	
26	3	
6	2	
17	3	
34	5	
1	5	
3	2	
42	2	
24	2	
39	2	
24	3	
45	3	
18	3	
47	3	
47	2	
23	3	
16	3	
44	2	
41	4	
27	2	
30	2	
27	2	
1	3	
31	4	
49	2	
40	2	
3	2	
45	5	
51	3	
26	3	
19	4	
49	3	
44	2	
56	5	
34	2	
39	5	
41	3	
20	5	
27	3	
28	3	
9	2	
8	2	
9	5	
5	3	
26	2	
29	5	
39	3	
22	2	
55	3	
49	2	
20	2	
43	2	
37	5	
43	5	
7	3	
53	4	
5	4	
44	2	
31	3	
52	2	
51	2	
30	5	
34	5	
39	2	
52	5	
45	5	
51	5	
28	2	
46	5	
21	5	
9	2	
6	4	
3	2	
38	5	
10	2	
11	5	
37	2	
33	2	
53	5	
54	3	
6	2	
28	3	
51	3	
34	4	
31	5	
5	2	
14	3	
23	4	
18	3	
49	3	
21	4	
22	3	
11	2	
27	3	
2	3	
23	3	
50	4	
10	3	
6	3	
3	2	
15	2	
38	3	
56	2	
53	5	
21	4	
38	3	
41	2	
52	4	
53	3	
33	2	
9	5	
10	3	
43	5	
49	3	
29	5	
27	2	
18	3	
23	5	
49	3	
45	3	
14	4	
6	5	
13	3	
44	2	
28	4	
39	4	
14	3	
55	3	
45	3	
56	3	
53	2	
12	2	
7	2	
25	3	
46	2	
33	5	
19	3	
54	5	
0	5	
32	3	
49	2	
53	2	
18	3	
11	2	
28	5	
31	2	
9	2	
26	3	
36	3	
51	3	
8	5	
44	2	
25	4	
51	3	
27	3	
36	2	
14	2	
24	2	
51	3	
8	5	
55	3	
4	3	
21	4	
55	5	
19	3	
6	3	
51	2	
12	2	
12	4	
35	3	
16	5	
9	5	
55	5	
17	2	
37	2	
1	2	
28	2	
34	2	
53	2	
43	3	
13	4	
43	3	
50	2	
18	2	
30	5	
33	2	
25	2	
47	2	
47	3	
32	4	
35	2	
48	3	
27	2	
44	2	
15	2	
44	2	
32	3	
40	2	

