1
100
12

0	0	0	0	0	0	0	0	0	0	0	0	
0	0	0	0	0	0	0	0	0	0	0	0	
0	0	0	0	0	0	0	0	0	0	0	0	
0	0	0	0	0	0	0	0	0	0	0	0	
0	0	0	0	0	0	0	0	0	0	0	0	
0	0	0	0	0	0	0	0	0	0	0	0	
0	0	0	0	0	0	0	0	0	0	0	0	
0	0	0	0	0	0	0	0	0	0	0	0	
0	0	0	0	0	0	0	0	0	0	0	0	
0	0	0	0	0	0	0	0	0	0	0	0	
0	0	0	0	0	0	0	0	0	0	0	0	
0	0	0	0	0	0	0	0	0	0	0	0	
0	0	0	0	0	0	0	0	0	0	0	0	
0	0	0	0	0	0	0	0	0	0	0	0	
0	0	0	0	0	0	0	0	0	0	0	0	
0	0	0	0	0	0	0	0	0	0	0	0	
0	0	0	0	0	0	0	0	0	0	0	0	
0	0	0	0	0	0	0	0	0	0	0	0	
0	0	0	0	0	0	0	0	0	0	0	0	
0	0	0	0	0	0	0	0	0	0	0	0	
0	0	0	0	0	0	0	0	0	0	0	0	
0	0	0	0	0	0	0	0	0	0	0	0	
0	0	0	0	0	0	0	0	0	0	0	0	
0	0	0	0	0	0	0	0	0	0	0	0	
0	0	0	0	0	0	0	0	0	0	0	0	
0	0	0	0	0	0	0	0	0	0	0	0	
0	0	0	0	0	0	0	0	0	0	0	0	
0	0	0	0	0	0	0	0	0	0	0	0	
0	0	0	0	0	0	0	0	0	0	0	0	
0	0	0	0	0	0	0	0	0	0	0	0	
0	0	0	0	0	0	0	0	0	0	0	0	
0	0	0	0	0	0	0	0	0	0	0	0	
0	0	0	0	0	0	0	0	0	0	0	0	
0	0	0	0	0	0	0	0	0	0	0	0	
0	0	0	0	0	0	0	0	0	0	0	0	
0	0	0	0	0	0	0	0	0	0	0	0	
0	0	0	0	0	0	0	0	0	0	0	0	
0	0	0	0	0	0	0	0	0	0	0	0	
0	0	0	0	0	0	0	0	0	0	0	0	
0	0	0	0	0	0	0	0	0	0	0	0	
0	0	0	0	0	0	0	0	0	0	0	0	
0	0	0	0	0	0	0	0	0	0	0	0	
0	0	0	0	0	0	0	0	0	0	0	0	
0	0	0	0	0	0	0	0	0	0	0	0	
0	0	0	0	0	0	0	0	0	0	0	0	
0	0	0	0	0	0	0	0	0	0	0	0	
0	0	0	0	0	0	0	0	0	0	0	0	
0	0	0	0	0	0	0	0	0	0	0	0	
0	0	0	0	0	0	0	0	0	0	0	0	
0	0	0	0	0	0	0	0	0	0	0	0	
0	0	0	0	0	0	0	0	0	0	0	0	
0	0	0	0	0	0	0	0	0	0	0	0	
0	0	0	0	0	0	0	0	0	0	0	0	
0	0	0	0	0	0	0	0	0	0	0	0	
0	0	0	0	0	0	0	0	0	0	0	0	
0	0	0	0	0	0	0	0	0	0	0	0	
0	0	0	0	0	0	0	0	0	0	0	0	
0	0	0	0	0	0	0	0	0	0	0	0	
0	0	0	0	0	0	0	0	0	0	0	0	
0	0	0	0	0	0	0	0	0	0	0	0	
0	0	0	0	0	0	0	0	0	0	0	0	
0	0	0	0	0	0	0	0	0	0	0	0	
0	0	0	0	0	0	0	0	0	0	0	0	
0	0	0	0	0	0	0	0	0	0	0	0	
0	0	0	0	0	0	0	0	0	0	0	0	
0	0	0	0	0	0	0	0	0	0	0	0	
0	0	0	0	0	0	0	0	0	0	0	0	
0	0	0	0	0	0	0	0	0	0	0	0	
0	0	0	0	0	0	0	0	0	0	0	0	
0	0	0	0	0	0	0	0	0	0	0	0	
0	0	0	0	0	0	0	0	0	0	0	0	
0	0	0	0	0	0	0	0	0	0	0	0	
0	0	0	0	0	0	0	0	0	0	0	0	
0	0	0	0	0	0	0	0	0	0	0	0	
0	0	0	0	0	0	0	0	0	0	0	0	
0	0	0	0	0	0	0	0	0	0	0	0	
0	0	0	0	0	0	0	0	0	0	0	0	
0	0	0	0	0	0	0	0	0	0	0	0	
0	0	0	0	0	0	0	0	0	0	0	0	
0	0	0	0	0	0	0	0	0	0	0	0	
0	0	0	0	0	0	0	0	0	0	0	0	
0	0	0	0	0	0	0	0	0	0	0	0	
0	0	0	0	0	0	0	0	0	0	0	0	
0	0	0	0	0	0	0	0	0	0	0	0	
0	0	0	0	0	0	0	0	0	0	0	0	
0	0	0	0	0	0	0	0	0	0	0	0	
0	0	0	0	0	0	0	0	0	0	0	0	
0	0	0	0	0	0	0	0	0	0	0	0	
0	0	0	0	0	0	0	0	0	0	0	0	
0	0	0	0	0	0	0	0	0	0	0	0	
0	0	0	0	0	0	0	0	0	0	0	0	
0	0	0	0	0	0	0	0	0	0	0	0	
0	0	0	0	0	0	0	0	0	0	0	0	
0	0	0	0	0	0	0	0	0	0	0	0	
0	0	0	0	0	0	0	0	0	0	0	0	
0	0	0	0	0	0	0	0	0	0	0	0	
0	0	0	0	0	0	0	0	0	0	0	0	
0	0	0	0	0	0	0	0	0	0	0	0	
0	0	0	0	0	0	0	0	0	0	0	0	
0	0	0	0	0	0	0	0	0	0	0	0	



68
325

63	5	
43	4	
23	3	
12	5	
23	2	
35	2	
33	4	
36	5	
36	2	
4	3	
8	2	
29	4	
33	3	
26	5	
14	2	
17	3	
47	2	
58	2	
2	4	
58	3	
36	3	
34	2	
25	5	
11	3	
27	2	
27	4	
29	5	
67	2	
27	2	
12	3	
13	3	
38	5	
36	4	
1	2	
54	2	
9	3	
57	3	
12	2	
7	4	
50	2	
17	4	
41	3	
20	3	
6	3	
51	4	
4	5	
51	5	
54	3	
21	5	
3	4	
51	5	
66	4	
63	2	
63	5	
29	2	
5	3	
31	5	
7	2	
21	2	
35	2	
33	4	
6	2	
16	5	
42	2	
60	4	
64	5	
50	4	
37	4	
53	2	
27	3	
59	4	
26	2	
26	2	
18	5	
63	3	
26	2	
42	2	
50	2	
9	4	
27	2	
8	2	
55	5	
31	3	
20	2	
35	2	
6	5	
39	3	
45	2	
2	3	
11	5	
39	2	
24	4	
1	5	
21	2	
61	2	
36	3	
30	3	
22	5	
34	2	
48	2	
33	5	
27	2	
26	2	
54	4	
55	3	
38	2	
65	5	
16	5	
38	4	
66	5	
14	3	
12	3	
9	3	
48	2	
59	5	
6	3	
16	2	
47	3	
11	2	
44	2	
31	2	
53	2	
40	4	
57	4	
5	3	
5	2	
35	4	
17	2	
27	2	
10	5	
6	2	
23	2	
31	4	
27	3	
47	3	
39	5	
15	4	
34	3	
6	2	
38	2	
24	5	
67	3	
55	3	
12	4	
47	3	
46	2	
24	2	
5	3	
32	3	
53	5	
51	3	
55	5	
37	2	
10	2	
21	2	
41	3	
10	4	
55	2	
34	4	
56	5	
42	2	
6	3	
53	5	
55	2	
43	2	
50	2	
31	3	
30	3	
6	2	
5	3	
64	2	
54	3	
66	3	
43	2	
17	2	
44	2	
10	3	
25	5	
62	3	
33	2	
41	3	
44	3	
16	3	
25	2	
18	4	
45	2	
14	5	
38	5	
7	5	
15	5	
47	3	
67	3	
39	2	
18	3	
50	3	
30	2	
49	4	
44	2	
12	2	
46	2	
54	4	
54	5	
17	3	
52	5	
25	3	
40	2	
11	2	
48	2	
16	3	
43	4	
52	3	
28	2	
19	3	
58	4	
49	2	
18	3	
44	3	
42	3	
5	5	
48	3	
45	2	
22	2	
59	4	
53	2	
22	4	
51	5	
63	2	
48	3	
43	3	
24	5	
9	2	
3	3	
33	2	
53	5	
67	4	
32	3	
28	3	
43	2	
64	3	
44	4	
16	3	
0	2	
1	3	
50	2	
24	2	
66	3	
65	5	
10	2	
40	2	
61	3	
48	4	
0	2	
32	2	
11	5	
32	4	
55	5	
53	2	
4	3	
56	2	
39	5	
53	5	
34	5	
48	2	
28	4	
43	5	
39	5	
57	3	
47	2	
9	4	
34	5	
15	2	
13	5	
34	3	
0	2	
25	2	
9	2	
33	2	
43	3	
8	2	
4	5	
36	2	
54	3	
9	3	
17	5	
60	2	
31	3	
55	2	
19	5	
19	2	
34	5	
21	3	
20	2	
62	3	
59	2	
47	5	
38	2	
2	2	
54	2	
62	2	
44	2	
48	5	
36	4	
24	3	
31	3	
60	3	
0	2	
50	2	
51	4	
39	3	
26	5	
11	2	
41	2	
36	3	
41	2	
24	5	
60	3	
26	2	
38	5	
59	5	
61	2	
59	3	
26	2	
9	2	
4	2	
38	4	

