1
80
10

0	0	0	0	0	0	0	0	0	0	
0	0	0	0	0	0	0	0	0	0	
0	0	0	0	0	0	0	0	0	0	
0	0	0	0	0	0	0	0	0	0	
0	0	0	0	0	0	0	0	0	0	
0	0	0	0	0	0	0	0	0	0	
0	0	0	0	0	0	0	0	0	0	
0	0	0	0	0	0	0	0	0	0	
0	0	0	0	0	0	0	0	0	0	
0	0	0	0	0	0	0	0	0	0	
0	0	0	0	0	0	0	0	0	0	
0	0	0	0	0	0	0	0	0	0	
0	0	0	0	0	0	0	0	0	0	
0	0	0	0	0	0	0	0	0	0	
0	0	0	0	0	0	0	0	0	0	
0	0	0	0	0	0	0	0	0	0	
0	0	0	0	0	0	0	0	0	0	
0	0	0	0	0	0	0	0	0	0	
0	0	0	0	0	0	0	0	0	0	
0	0	0	0	0	0	0	0	0	0	
0	0	0	0	0	0	0	0	0	0	
0	0	0	0	0	0	0	0	0	0	
0	0	0	0	0	0	0	0	0	0	
0	0	0	0	0	0	0	0	0	0	
0	0	0	0	0	0	0	0	0	0	
0	0	0	0	0	0	0	0	0	0	
0	0	0	0	0	0	0	0	0	0	
0	0	0	0	0	0	0	0	0	0	
0	0	0	0	0	0	0	0	0	0	
0	0	0	0	0	0	0	0	0	0	
0	0	0	0	0	0	0	0	0	0	
0	0	0	0	0	0	0	0	0	0	
0	0	0	0	0	0	0	0	0	0	
0	0	0	0	0	0	0	0	0	0	
0	0	0	0	0	0	0	0	0	0	
0	0	0	0	0	0	0	0	0	0	
0	0	0	0	0	0	0	0	0	0	
0	0	0	0	0	0	0	0	0	0	
0	0	0	0	0	0	0	0	0	0	
0	0	0	0	0	0	0	0	0	0	
0	0	0	0	0	0	0	0	0	0	
0	0	0	0	0	0	0	0	0	0	
0	0	0	0	0	0	0	0	0	0	
0	0	0	0	0	0	0	0	0	0	
0	0	0	0	0	0	0	0	0	0	
0	0	0	0	0	0	0	0	0	0	
0	0	0	0	0	0	0	0	0	0	
0	0	0	0	0	0	0	0	0	0	
0	0	0	0	0	0	0	0	0	0	
0	0	0	0	0	0	0	0	0	0	
0	0	0	0	0	0	0	0	0	0	
0	0	0	0	0	0	0	0	0	0	
0	0	0	0	0	0	0	0	0	0	
0	0	0	0	0	0	0	0	0	0	
0	0	0	0	0	0	0	0	0	0	
0	0	0	0	0	0	0	0	0	0	
0	0	0	0	0	0	0	0	0	0	
0	0	0	0	0	0	0	0	0	0	
0	0	0	0	0	0	0	0	0	0	
0	0	0	0	0	0	0	0	0	0	
0	0	0	0	0	0	0	0	0	0	
0	0	0	0	0	0	0	0	0	0	
0	0	0	0	0	0	0	0	0	0	
0	0	0	0	0	0	0	0	0	0	
0	0	0	0	0	0	0	0	0	0	
0	0	0	0	0	0	0	0	0	0	
0	0	0	0	0	0	0	0	0	0	
0	0	0	0	0	0	0	0	0	0	
0	0	0	0	0	0	0	0	0	0	
0	0	0	0	0	0	0	0	0	0	
0	0	0	0	0	0	0	0	0	0	
0	0	0	0	0	0	0	0	0	0	
0	0	0	0	0	0	0	0	0	0	
0	0	0	0	0	0	0	0	0	0	
0	0	0	0	0	0	0	0	0	0	
0	0	0	0	0	0	0	0	0	0	
0	0	0	0	0	0	0	0	0	0	
0	0	0	0	0	0	0	0	0	0	
0	0	0	0	0	0	0	0	0	0	
0	0	0	0	0	0	0	0	0	0	



50
213

38	3	
4	4	
37	3	
26	3	
43	3	
1	2	
31	2	
17	3	
38	2	
41	3	
31	5	
48	4	
48	2	
3	3	
23	4	
48	2	
4	4	
48	2	
41	2	
3	4	
32	2	
35	4	
12	5	
16	2	
24	4	
27	2	
19	3	
25	2	
44	5	
21	3	
22	3	
0	2	
15	2	
5	2	
22	3	
14	2	
10	5	
7	4	
2	3	
46	4	
21	3	
32	4	
41	4	
36	4	
12	4	
19	4	
15	4	
23	2	
17	3	
34	2	
7	4	
5	5	
10	3	
44	2	
8	2	
17	2	
26	2	
7	2	
19	4	
28	4	
41	4	
42	3	
28	5	
20	5	
29	3	
1	3	
49	2	
14	5	
23	5	
41	2	
21	3	
21	5	
25	2	
16	3	
47	2	
28	3	
45	4	
8	5	
35	2	
5	3	
45	2	
25	5	
35	5	
9	5	
15	5	
25	3	
36	3	
46	5	
23	5	
13	3	
4	3	
10	3	
27	3	
15	4	
15	3	
33	2	
3	5	
43	4	
5	4	
39	3	
5	2	
16	3	
26	3	
48	3	
34	2	
23	2	
4	3	
37	4	
11	3	
18	4	
38	3	
2	3	
1	4	
22	5	
12	4	
23	5	
37	3	
29	3	
44	3	
30	5	
25	2	
20	5	
23	5	
40	2	
35	3	
1	3	
1	2	
6	2	
49	5	
33	5	
13	3	
1	4	
13	5	
28	5	
25	2	
8	2	
16	2	
4	3	
4	2	
6	3	
4	2	
10	3	
48	2	
49	2	
20	2	
15	3	
12	2	
1	2	
46	5	
26	4	
6	2	
25	2	
24	3	
9	2	
41	4	
9	3	
11	3	
14	2	
12	4	
42	5	
43	4	
46	4	
37	5	
41	3	
1	4	
29	4	
26	2	
21	5	
33	3	
8	2	
45	2	
43	5	
2	3	
18	2	
5	2	
39	5	
31	3	
22	3	
44	5	
38	2	
42	2	
37	4	
8	3	
40	2	
14	5	
2	3	
20	5	
48	2	
21	2	
47	2	
26	2	
47	3	
0	4	
10	3	
41	2	
42	2	
39	5	
10	2	
33	2	
10	2	
2	4	
15	4	
42	2	
17	5	
23	3	
20	3	
5	2	
45	3	
21	2	
14	2	
7	3	
30	2	
11	2	

