1
80
10

0	0	0	0	0	0	0	0	0	0	
0	0	0	0	0	0	0	0	0	0	
0	0	0	0	0	0	0	0	0	0	
0	0	0	0	0	0	0	0	0	0	
0	0	0	0	0	0	0	0	0	0	
0	0	0	0	0	0	0	0	0	0	
0	0	0	0	0	0	0	0	0	0	
0	0	0	0	0	0	0	0	0	0	
0	0	0	0	0	0	0	0	0	0	
0	0	0	0	0	0	0	0	0	0	
0	0	0	0	0	0	0	0	0	0	
0	0	0	0	0	0	0	0	0	0	
0	0	0	0	0	0	0	0	0	0	
0	0	0	0	0	0	0	0	0	0	
0	0	0	0	0	0	0	0	0	0	
0	0	0	0	0	0	0	0	0	0	
0	0	0	0	0	0	0	0	0	0	
0	0	0	0	0	0	0	0	0	0	
0	0	0	0	0	0	0	0	0	0	
0	0	0	0	0	0	0	0	0	0	
0	0	0	0	0	0	0	0	0	0	
0	0	0	0	0	0	0	0	0	0	
0	0	0	0	0	0	0	0	0	0	
0	0	0	0	0	0	0	0	0	0	
0	0	0	0	0	0	0	0	0	0	
0	0	0	0	0	0	0	0	0	0	
0	0	0	0	0	0	0	0	0	0	
0	0	0	0	0	0	0	0	0	0	
0	0	0	0	0	0	0	0	0	0	
0	0	0	0	0	0	0	0	0	0	
0	0	0	0	0	0	0	0	0	0	
0	0	0	0	0	0	0	0	0	0	
0	0	0	0	0	0	0	0	0	0	
0	0	0	0	0	0	0	0	0	0	
0	0	0	0	0	0	0	0	0	0	
0	0	0	0	0	0	0	0	0	0	
0	0	0	0	0	0	0	0	0	0	
0	0	0	0	0	0	0	0	0	0	
0	0	0	0	0	0	0	0	0	0	
0	0	0	0	0	0	0	0	0	0	
0	0	0	0	0	0	0	0	0	0	
0	0	0	0	0	0	0	0	0	0	
0	0	0	0	0	0	0	0	0	0	
0	0	0	0	0	0	0	0	0	0	
0	0	0	0	0	0	0	0	0	0	
0	0	0	0	0	0	0	0	0	0	
0	0	0	0	0	0	0	0	0	0	
0	0	0	0	0	0	0	0	0	0	
0	0	0	0	0	0	0	0	0	0	
0	0	0	0	0	0	0	0	0	0	
0	0	0	0	0	0	0	0	0	0	
0	0	0	0	0	0	0	0	0	0	
0	0	0	0	0	0	0	0	0	0	
0	0	0	0	0	0	0	0	0	0	
0	0	0	0	0	0	0	0	0	0	
0	0	0	0	0	0	0	0	0	0	
0	0	0	0	0	0	0	0	0	0	
0	0	0	0	0	0	0	0	0	0	
0	0	0	0	0	0	0	0	0	0	
0	0	0	0	0	0	0	0	0	0	
0	0	0	0	0	0	0	0	0	0	
0	0	0	0	0	0	0	0	0	0	
0	0	0	0	0	0	0	0	0	0	
0	0	0	0	0	0	0	0	0	0	
0	0	0	0	0	0	0	0	0	0	
0	0	0	0	0	0	0	0	0	0	
0	0	0	0	0	0	0	0	0	0	
0	0	0	0	0	0	0	0	0	0	
0	0	0	0	0	0	0	0	0	0	
0	0	0	0	0	0	0	0	0	0	
0	0	0	0	0	0	0	0	0	0	
0	0	0	0	0	0	0	0	0	0	
0	0	0	0	0	0	0	0	0	0	
0	0	0	0	0	0	0	0	0	0	
0	0	0	0	0	0	0	0	0	0	
0	0	0	0	0	0	0	0	0	0	
0	0	0	0	0	0	0	0	0	0	
0	0	0	0	0	0	0	0	0	0	
0	0	0	0	0	0	0	0	0	0	
0	0	0	0	0	0	0	0	0	0	



56
231

6	2	
36	4	
53	2	
37	2	
15	2	
31	3	
14	2	
6	3	
6	4	
55	3	
55	2	
7	3	
39	3	
30	3	
19	3	
1	2	
2	3	
21	3	
49	5	
4	2	
24	5	
29	2	
35	2	
6	2	
26	2	
49	3	
36	4	
41	2	
1	2	
27	2	
37	3	
9	3	
51	2	
24	3	
3	5	
27	5	
16	3	
49	3	
25	5	
24	3	
17	2	
50	3	
4	3	
35	4	
47	2	
25	3	
19	3	
43	3	
0	4	
20	2	
10	4	
25	2	
41	2	
50	5	
45	5	
47	3	
45	2	
40	4	
39	5	
46	5	
39	3	
7	3	
16	5	
3	3	
0	2	
49	2	
32	5	
26	2	
29	3	
13	3	
53	3	
13	2	
44	5	
13	4	
38	5	
31	3	
36	5	
13	3	
51	5	
36	4	
1	2	
45	2	
39	3	
37	2	
50	4	
21	2	
28	3	
48	3	
24	4	
41	2	
0	2	
34	3	
39	2	
46	3	
36	2	
21	2	
49	2	
31	2	
43	4	
31	2	
32	3	
53	3	
33	2	
51	3	
32	2	
27	2	
2	2	
41	3	
29	2	
41	2	
8	2	
1	5	
47	2	
25	3	
37	5	
25	3	
23	2	
31	3	
31	2	
18	3	
20	2	
43	2	
15	2	
20	4	
6	2	
30	5	
34	3	
32	2	
39	4	
17	3	
50	3	
42	2	
30	5	
45	3	
6	4	
12	3	
31	2	
28	3	
23	2	
43	3	
41	3	
41	2	
3	2	
40	3	
31	2	
18	2	
43	3	
22	2	
54	5	
21	3	
45	5	
43	5	
29	4	
5	2	
38	2	
33	2	
38	2	
54	3	
32	3	
13	4	
40	4	
7	2	
52	3	
42	3	
33	3	
49	3	
23	3	
9	3	
4	5	
28	2	
21	2	
11	2	
46	3	
27	5	
36	3	
30	2	
17	3	
29	5	
43	2	
37	2	
49	3	
13	2	
34	2	
29	2	
33	4	
22	2	
9	4	
14	2	
23	2	
8	2	
44	2	
52	3	
1	2	
11	2	
40	3	
20	5	
44	2	
12	4	
21	2	
53	5	
50	2	
44	5	
43	4	
17	3	
54	2	
19	2	
55	2	
25	4	
33	2	
24	2	
25	2	
1	2	
28	2	
44	3	
48	3	
48	2	
29	5	
26	3	
24	5	
42	4	
5	5	
29	4	
1	2	
45	2	
8	2	
48	3	
27	3	
41	3	
10	3	
6	2	
13	2	

