1
80
8

0	0	0	0	0	0	0	0	
0	0	0	0	0	0	0	0	
0	0	0	0	0	0	0	0	
0	0	0	0	0	0	0	0	
0	0	0	0	0	0	0	0	
0	0	0	0	0	0	0	0	
0	0	0	0	0	0	0	0	
0	0	0	0	0	0	0	0	
0	0	0	0	0	0	0	0	
0	0	0	0	0	0	0	0	
0	0	0	0	0	0	0	0	
0	0	0	0	0	0	0	0	
0	0	0	0	0	0	0	0	
0	0	0	0	0	0	0	0	
0	0	0	0	0	0	0	0	
0	0	0	0	0	0	0	0	
0	0	0	0	0	0	0	0	
0	0	0	0	0	0	0	0	
0	0	0	0	0	0	0	0	
0	0	0	0	0	0	0	0	
0	0	0	0	0	0	0	0	
0	0	0	0	0	0	0	0	
0	0	0	0	0	0	0	0	
0	0	0	0	0	0	0	0	
0	0	0	0	0	0	0	0	
0	0	0	0	0	0	0	0	
0	0	0	0	0	0	0	0	
0	0	0	0	0	0	0	0	
0	0	0	0	0	0	0	0	
0	0	0	0	0	0	0	0	
0	0	0	0	0	0	0	0	
0	0	0	0	0	0	0	0	
0	0	0	0	0	0	0	0	
0	0	0	0	0	0	0	0	
0	0	0	0	0	0	0	0	
0	0	0	0	0	0	0	0	
0	0	0	0	0	0	0	0	
0	0	0	0	0	0	0	0	
0	0	0	0	0	0	0	0	
0	0	0	0	0	0	0	0	
0	0	0	0	0	0	0	0	
0	0	0	0	0	0	0	0	
0	0	0	0	0	0	0	0	
0	0	0	0	0	0	0	0	
0	0	0	0	0	0	0	0	
0	0	0	0	0	0	0	0	
0	0	0	0	0	0	0	0	
0	0	0	0	0	0	0	0	
0	0	0	0	0	0	0	0	
0	0	0	0	0	0	0	0	
0	0	0	0	0	0	0	0	
0	0	0	0	0	0	0	0	
0	0	0	0	0	0	0	0	
0	0	0	0	0	0	0	0	
0	0	0	0	0	0	0	0	
0	0	0	0	0	0	0	0	
0	0	0	0	0	0	0	0	
0	0	0	0	0	0	0	0	
0	0	0	0	0	0	0	0	
0	0	0	0	0	0	0	0	
0	0	0	0	0	0	0	0	
0	0	0	0	0	0	0	0	
0	0	0	0	0	0	0	0	
0	0	0	0	0	0	0	0	
0	0	0	0	0	0	0	0	
0	0	0	0	0	0	0	0	
0	0	0	0	0	0	0	0	
0	0	0	0	0	0	0	0	
0	0	0	0	0	0	0	0	
0	0	0	0	0	0	0	0	
0	0	0	0	0	0	0	0	
0	0	0	0	0	0	0	0	
0	0	0	0	0	0	0	0	
0	0	0	0	0	0	0	0	
0	0	0	0	0	0	0	0	
0	0	0	0	0	0	0	0	
0	0	0	0	0	0	0	0	
0	0	0	0	0	0	0	0	
0	0	0	0	0	0	0	0	
0	0	0	0	0	0	0	0	



39
178

24	2	
19	5	
4	2	
37	2	
3	4	
23	2	
17	5	
31	2	
20	5	
33	2	
10	2	
3	2	
19	2	
21	5	
6	3	
18	2	
9	3	
14	2	
9	5	
25	3	
38	5	
12	2	
25	2	
8	4	
17	5	
32	4	
37	5	
20	4	
36	5	
23	4	
4	3	
34	4	
0	5	
1	2	
25	2	
17	4	
6	2	
6	3	
33	5	
7	5	
6	4	
11	3	
33	3	
33	3	
36	2	
11	2	
35	5	
7	5	
31	2	
9	2	
16	2	
10	4	
7	5	
25	3	
37	5	
25	4	
5	5	
21	2	
22	2	
35	3	
20	3	
34	2	
3	5	
10	2	
34	2	
36	2	
24	2	
30	5	
24	2	
4	5	
22	5	
29	2	
10	2	
25	3	
35	2	
32	2	
28	2	
15	2	
37	3	
20	5	
24	5	
11	3	
4	3	
0	2	
9	2	
28	2	
36	4	
15	2	
0	3	
18	3	
36	3	
11	3	
1	2	
0	4	
19	5	
11	2	
10	4	
4	2	
31	3	
30	2	
22	4	
35	3	
12	2	
12	3	
13	5	
37	2	
16	2	
15	3	
2	5	
35	2	
0	2	
23	3	
12	3	
0	2	
29	5	
14	2	
24	4	
4	2	
30	3	
13	2	
10	4	
17	3	
6	2	
1	4	
22	2	
10	2	
24	2	
27	2	
14	3	
3	5	
32	2	
5	2	
25	2	
36	5	
37	2	
25	2	
18	3	
7	2	
2	3	
21	2	
34	3	
16	4	
30	2	
33	2	
0	5	
35	2	
20	2	
17	2	
36	3	
35	2	
13	5	
26	5	
16	3	
34	3	
33	2	
8	2	
0	2	
19	2	
17	3	
15	5	
38	4	
27	2	
12	4	
11	5	
23	4	
7	2	
15	3	
6	2	
17	2	
9	3	
26	2	
24	2	
27	2	
35	5	
6	3	
38	2	
4	2	
11	5	

