1
80
10

0	0	0	0	0	0	0	0	0	0	
0	0	0	0	0	0	0	0	0	0	
0	0	0	0	0	0	0	0	0	0	
0	0	0	0	0	0	0	0	0	0	
0	0	0	0	0	0	0	0	0	0	
0	0	0	0	0	0	0	0	0	0	
0	0	0	0	0	0	0	0	0	0	
0	0	0	0	0	0	0	0	0	0	
0	0	0	0	0	0	0	0	0	0	
0	0	0	0	0	0	0	0	0	0	
0	0	0	0	0	0	0	0	0	0	
0	0	0	0	0	0	0	0	0	0	
0	0	0	0	0	0	0	0	0	0	
0	0	0	0	0	0	0	0	0	0	
0	0	0	0	0	0	0	0	0	0	
0	0	0	0	0	0	0	0	0	0	
0	0	0	0	0	0	0	0	0	0	
0	0	0	0	0	0	0	0	0	0	
0	0	0	0	0	0	0	0	0	0	
0	0	0	0	0	0	0	0	0	0	
0	0	0	0	0	0	0	0	0	0	
0	0	0	0	0	0	0	0	0	0	
0	0	0	0	0	0	0	0	0	0	
0	0	0	0	0	0	0	0	0	0	
0	0	0	0	0	0	0	0	0	0	
0	0	0	0	0	0	0	0	0	0	
0	0	0	0	0	0	0	0	0	0	
0	0	0	0	0	0	0	0	0	0	
0	0	0	0	0	0	0	0	0	0	
0	0	0	0	0	0	0	0	0	0	
0	0	0	0	0	0	0	0	0	0	
0	0	0	0	0	0	0	0	0	0	
0	0	0	0	0	0	0	0	0	0	
0	0	0	0	0	0	0	0	0	0	
0	0	0	0	0	0	0	0	0	0	
0	0	0	0	0	0	0	0	0	0	
0	0	0	0	0	0	0	0	0	0	
0	0	0	0	0	0	0	0	0	0	
0	0	0	0	0	0	0	0	0	0	
0	0	0	0	0	0	0	0	0	0	
0	0	0	0	0	0	0	0	0	0	
0	0	0	0	0	0	0	0	0	0	
0	0	0	0	0	0	0	0	0	0	
0	0	0	0	0	0	0	0	0	0	
0	0	0	0	0	0	0	0	0	0	
0	0	0	0	0	0	0	0	0	0	
0	0	0	0	0	0	0	0	0	0	
0	0	0	0	0	0	0	0	0	0	
0	0	0	0	0	0	0	0	0	0	
0	0	0	0	0	0	0	0	0	0	
0	0	0	0	0	0	0	0	0	0	
0	0	0	0	0	0	0	0	0	0	
0	0	0	0	0	0	0	0	0	0	
0	0	0	0	0	0	0	0	0	0	
0	0	0	0	0	0	0	0	0	0	
0	0	0	0	0	0	0	0	0	0	
0	0	0	0	0	0	0	0	0	0	
0	0	0	0	0	0	0	0	0	0	
0	0	0	0	0	0	0	0	0	0	
0	0	0	0	0	0	0	0	0	0	
0	0	0	0	0	0	0	0	0	0	
0	0	0	0	0	0	0	0	0	0	
0	0	0	0	0	0	0	0	0	0	
0	0	0	0	0	0	0	0	0	0	
0	0	0	0	0	0	0	0	0	0	
0	0	0	0	0	0	0	0	0	0	
0	0	0	0	0	0	0	0	0	0	
0	0	0	0	0	0	0	0	0	0	
0	0	0	0	0	0	0	0	0	0	
0	0	0	0	0	0	0	0	0	0	
0	0	0	0	0	0	0	0	0	0	
0	0	0	0	0	0	0	0	0	0	
0	0	0	0	0	0	0	0	0	0	
0	0	0	0	0	0	0	0	0	0	
0	0	0	0	0	0	0	0	0	0	
0	0	0	0	0	0	0	0	0	0	
0	0	0	0	0	0	0	0	0	0	
0	0	0	0	0	0	0	0	0	0	
0	0	0	0	0	0	0	0	0	0	
0	0	0	0	0	0	0	0	0	0	



52
226

38	3	
6	5	
13	2	
9	3	
12	5	
47	3	
21	2	
42	3	
41	5	
0	3	
44	5	
9	3	
30	2	
27	5	
23	2	
16	2	
45	3	
50	3	
8	2	
14	2	
16	3	
28	3	
27	2	
15	5	
31	5	
14	4	
9	5	
46	5	
42	4	
27	2	
38	2	
28	2	
15	4	
34	4	
7	4	
30	3	
27	3	
33	2	
14	2	
16	2	
32	4	
44	5	
24	3	
51	2	
2	3	
36	2	
4	2	
3	2	
0	2	
8	2	
14	4	
50	2	
12	3	
43	2	
18	2	
22	3	
14	3	
32	2	
51	4	
35	2	
31	4	
48	2	
28	2	
13	4	
8	4	
50	2	
29	2	
28	4	
9	5	
26	3	
15	2	
38	5	
19	4	
25	2	
24	2	
22	3	
32	3	
31	2	
35	4	
25	3	
5	4	
50	2	
6	3	
44	2	
47	2	
46	2	
45	2	
23	3	
1	2	
36	2	
4	5	
25	4	
17	3	
23	3	
4	3	
41	2	
6	5	
40	2	
28	5	
37	3	
37	4	
31	5	
31	2	
42	2	
25	2	
17	5	
35	2	
4	5	
43	2	
38	5	
2	2	
37	3	
25	3	
37	2	
15	2	
31	5	
49	2	
19	3	
47	3	
16	5	
30	4	
14	2	
43	5	
42	5	
31	2	
48	3	
33	2	
6	3	
51	2	
8	3	
29	3	
15	4	
51	3	
25	5	
5	4	
18	2	
9	3	
27	3	
34	3	
32	5	
30	2	
10	3	
32	3	
27	2	
49	2	
20	3	
24	2	
19	4	
11	3	
31	3	
26	4	
24	2	
19	5	
34	3	
27	4	
39	2	
27	2	
11	3	
43	2	
48	4	
29	2	
48	3	
17	2	
15	2	
47	2	
2	3	
7	3	
24	5	
2	4	
34	3	
38	2	
10	2	
47	4	
22	4	
29	2	
42	3	
48	2	
9	3	
24	3	
40	2	
16	3	
18	2	
42	3	
22	3	
9	2	
21	3	
17	5	
49	2	
38	2	
35	5	
49	2	
37	3	
21	2	
28	3	
10	5	
10	2	
8	2	
45	3	
50	2	
19	2	
40	2	
44	2	
3	5	
20	2	
13	4	
14	3	
37	3	
40	2	
18	5	
38	2	
28	3	
3	4	
41	3	
38	2	
22	3	
35	4	
36	2	
16	2	
47	4	
3	3	
1	3	
43	2	
2	3	
2	2	
39	2	
37	4	

