1
80
10

0	0	0	0	0	0	0	0	0	0	
0	0	0	0	0	0	0	0	0	0	
0	0	0	0	0	0	0	0	0	0	
0	0	0	0	0	0	0	0	0	0	
0	0	0	0	0	0	0	0	0	0	
0	0	0	0	0	0	0	0	0	0	
0	0	0	0	0	0	0	0	0	0	
0	0	0	0	0	0	0	0	0	0	
0	0	0	0	0	0	0	0	0	0	
0	0	0	0	0	0	0	0	0	0	
0	0	0	0	0	0	0	0	0	0	
0	0	0	0	0	0	0	0	0	0	
0	0	0	0	0	0	0	0	0	0	
0	0	0	0	0	0	0	0	0	0	
0	0	0	0	0	0	0	0	0	0	
0	0	0	0	0	0	0	0	0	0	
0	0	0	0	0	0	0	0	0	0	
0	0	0	0	0	0	0	0	0	0	
0	0	0	0	0	0	0	0	0	0	
0	0	0	0	0	0	0	0	0	0	
0	0	0	0	0	0	0	0	0	0	
0	0	0	0	0	0	0	0	0	0	
0	0	0	0	0	0	0	0	0	0	
0	0	0	0	0	0	0	0	0	0	
0	0	0	0	0	0	0	0	0	0	
0	0	0	0	0	0	0	0	0	0	
0	0	0	0	0	0	0	0	0	0	
0	0	0	0	0	0	0	0	0	0	
0	0	0	0	0	0	0	0	0	0	
0	0	0	0	0	0	0	0	0	0	
0	0	0	0	0	0	0	0	0	0	
0	0	0	0	0	0	0	0	0	0	
0	0	0	0	0	0	0	0	0	0	
0	0	0	0	0	0	0	0	0	0	
0	0	0	0	0	0	0	0	0	0	
0	0	0	0	0	0	0	0	0	0	
0	0	0	0	0	0	0	0	0	0	
0	0	0	0	0	0	0	0	0	0	
0	0	0	0	0	0	0	0	0	0	
0	0	0	0	0	0	0	0	0	0	
0	0	0	0	0	0	0	0	0	0	
0	0	0	0	0	0	0	0	0	0	
0	0	0	0	0	0	0	0	0	0	
0	0	0	0	0	0	0	0	0	0	
0	0	0	0	0	0	0	0	0	0	
0	0	0	0	0	0	0	0	0	0	
0	0	0	0	0	0	0	0	0	0	
0	0	0	0	0	0	0	0	0	0	
0	0	0	0	0	0	0	0	0	0	
0	0	0	0	0	0	0	0	0	0	
0	0	0	0	0	0	0	0	0	0	
0	0	0	0	0	0	0	0	0	0	
0	0	0	0	0	0	0	0	0	0	
0	0	0	0	0	0	0	0	0	0	
0	0	0	0	0	0	0	0	0	0	
0	0	0	0	0	0	0	0	0	0	
0	0	0	0	0	0	0	0	0	0	
0	0	0	0	0	0	0	0	0	0	
0	0	0	0	0	0	0	0	0	0	
0	0	0	0	0	0	0	0	0	0	
0	0	0	0	0	0	0	0	0	0	
0	0	0	0	0	0	0	0	0	0	
0	0	0	0	0	0	0	0	0	0	
0	0	0	0	0	0	0	0	0	0	
0	0	0	0	0	0	0	0	0	0	
0	0	0	0	0	0	0	0	0	0	
0	0	0	0	0	0	0	0	0	0	
0	0	0	0	0	0	0	0	0	0	
0	0	0	0	0	0	0	0	0	0	
0	0	0	0	0	0	0	0	0	0	
0	0	0	0	0	0	0	0	0	0	
0	0	0	0	0	0	0	0	0	0	
0	0	0	0	0	0	0	0	0	0	
0	0	0	0	0	0	0	0	0	0	
0	0	0	0	0	0	0	0	0	0	
0	0	0	0	0	0	0	0	0	0	
0	0	0	0	0	0	0	0	0	0	
0	0	0	0	0	0	0	0	0	0	
0	0	0	0	0	0	0	0	0	0	
0	0	0	0	0	0	0	0	0	0	



47
222

40	2	
12	2	
43	4	
26	2	
45	2	
43	2	
6	4	
27	5	
44	3	
45	2	
14	5	
43	2	
14	2	
6	4	
32	4	
25	2	
16	3	
35	3	
28	3	
19	2	
38	2	
12	3	
19	5	
17	2	
25	4	
41	2	
10	5	
14	3	
28	2	
31	5	
20	4	
14	5	
12	5	
14	3	
21	2	
25	3	
39	2	
9	3	
36	2	
12	3	
26	5	
24	3	
10	5	
5	3	
46	3	
22	3	
12	2	
37	2	
9	3	
26	2	
2	4	
2	3	
6	2	
24	3	
14	5	
5	4	
45	5	
7	4	
32	3	
21	2	
23	3	
2	2	
2	2	
33	2	
8	2	
16	2	
40	3	
39	2	
38	3	
3	2	
28	3	
2	2	
35	2	
23	2	
20	5	
1	3	
34	4	
13	2	
28	3	
30	4	
19	5	
3	5	
37	3	
39	2	
38	4	
0	3	
38	3	
36	4	
19	5	
5	3	
12	2	
36	2	
20	2	
18	5	
11	4	
19	5	
42	4	
5	4	
35	5	
0	4	
20	2	
7	2	
11	2	
1	2	
9	3	
40	3	
9	2	
17	2	
39	2	
19	2	
1	5	
6	3	
36	2	
41	5	
44	5	
9	5	
40	3	
28	3	
45	3	
31	5	
30	3	
43	2	
7	3	
18	2	
27	2	
42	3	
15	3	
37	4	
21	2	
22	4	
27	2	
9	2	
4	2	
20	3	
45	5	
27	3	
15	3	
19	2	
33	2	
26	4	
35	2	
26	3	
29	2	
26	3	
38	2	
9	2	
12	5	
30	2	
2	2	
10	2	
23	2	
3	2	
16	3	
44	2	
38	4	
29	2	
3	3	
2	3	
11	4	
10	2	
2	2	
11	5	
40	2	
22	3	
16	4	
13	4	
5	2	
5	5	
18	2	
6	2	
20	4	
37	5	
33	2	
42	2	
27	4	
45	3	
6	2	
16	3	
39	5	
4	2	
24	4	
28	3	
10	3	
9	4	
7	5	
15	2	
20	4	
45	2	
41	2	
28	2	
21	3	
26	5	
11	3	
42	2	
38	3	
14	3	
30	4	
8	3	
0	3	
32	2	
28	4	
46	3	
35	3	
35	2	
33	2	
4	5	
25	5	
33	2	
5	4	
42	3	
21	4	
45	3	
20	3	
13	3	
27	4	
34	5	
30	2	
23	3	
40	2	
35	3	
4	3	
16	2	

