1
80
10

0	0	0	0	0	0	0	0	0	0	
0	0	0	0	0	0	0	0	0	0	
0	0	0	0	0	0	0	0	0	0	
0	0	0	0	0	0	0	0	0	0	
0	0	0	0	0	0	0	0	0	0	
0	0	0	0	0	0	0	0	0	0	
0	0	0	0	0	0	0	0	0	0	
0	0	0	0	0	0	0	0	0	0	
0	0	0	0	0	0	0	0	0	0	
0	0	0	0	0	0	0	0	0	0	
0	0	0	0	0	0	0	0	0	0	
0	0	0	0	0	0	0	0	0	0	
0	0	0	0	0	0	0	0	0	0	
0	0	0	0	0	0	0	0	0	0	
0	0	0	0	0	0	0	0	0	0	
0	0	0	0	0	0	0	0	0	0	
0	0	0	0	0	0	0	0	0	0	
0	0	0	0	0	0	0	0	0	0	
0	0	0	0	0	0	0	0	0	0	
0	0	0	0	0	0	0	0	0	0	
0	0	0	0	0	0	0	0	0	0	
0	0	0	0	0	0	0	0	0	0	
0	0	0	0	0	0	0	0	0	0	
0	0	0	0	0	0	0	0	0	0	
0	0	0	0	0	0	0	0	0	0	
0	0	0	0	0	0	0	0	0	0	
0	0	0	0	0	0	0	0	0	0	
0	0	0	0	0	0	0	0	0	0	
0	0	0	0	0	0	0	0	0	0	
0	0	0	0	0	0	0	0	0	0	
0	0	0	0	0	0	0	0	0	0	
0	0	0	0	0	0	0	0	0	0	
0	0	0	0	0	0	0	0	0	0	
0	0	0	0	0	0	0	0	0	0	
0	0	0	0	0	0	0	0	0	0	
0	0	0	0	0	0	0	0	0	0	
0	0	0	0	0	0	0	0	0	0	
0	0	0	0	0	0	0	0	0	0	
0	0	0	0	0	0	0	0	0	0	
0	0	0	0	0	0	0	0	0	0	
0	0	0	0	0	0	0	0	0	0	
0	0	0	0	0	0	0	0	0	0	
0	0	0	0	0	0	0	0	0	0	
0	0	0	0	0	0	0	0	0	0	
0	0	0	0	0	0	0	0	0	0	
0	0	0	0	0	0	0	0	0	0	
0	0	0	0	0	0	0	0	0	0	
0	0	0	0	0	0	0	0	0	0	
0	0	0	0	0	0	0	0	0	0	
0	0	0	0	0	0	0	0	0	0	
0	0	0	0	0	0	0	0	0	0	
0	0	0	0	0	0	0	0	0	0	
0	0	0	0	0	0	0	0	0	0	
0	0	0	0	0	0	0	0	0	0	
0	0	0	0	0	0	0	0	0	0	
0	0	0	0	0	0	0	0	0	0	
0	0	0	0	0	0	0	0	0	0	
0	0	0	0	0	0	0	0	0	0	
0	0	0	0	0	0	0	0	0	0	
0	0	0	0	0	0	0	0	0	0	
0	0	0	0	0	0	0	0	0	0	
0	0	0	0	0	0	0	0	0	0	
0	0	0	0	0	0	0	0	0	0	
0	0	0	0	0	0	0	0	0	0	
0	0	0	0	0	0	0	0	0	0	
0	0	0	0	0	0	0	0	0	0	
0	0	0	0	0	0	0	0	0	0	
0	0	0	0	0	0	0	0	0	0	
0	0	0	0	0	0	0	0	0	0	
0	0	0	0	0	0	0	0	0	0	
0	0	0	0	0	0	0	0	0	0	
0	0	0	0	0	0	0	0	0	0	
0	0	0	0	0	0	0	0	0	0	
0	0	0	0	0	0	0	0	0	0	
0	0	0	0	0	0	0	0	0	0	
0	0	0	0	0	0	0	0	0	0	
0	0	0	0	0	0	0	0	0	0	
0	0	0	0	0	0	0	0	0	0	
0	0	0	0	0	0	0	0	0	0	
0	0	0	0	0	0	0	0	0	0	



49
225

11	3	
2	2	
14	5	
2	3	
14	4	
14	4	
48	4	
14	2	
39	2	
33	3	
28	3	
1	2	
41	4	
40	4	
5	2	
2	2	
6	3	
23	3	
32	5	
0	3	
29	2	
38	2	
4	3	
37	2	
15	2	
24	2	
23	3	
30	3	
35	4	
20	2	
16	5	
22	3	
35	2	
39	5	
34	3	
37	5	
28	4	
37	2	
5	5	
37	5	
34	2	
2	5	
21	2	
11	3	
10	2	
10	5	
47	3	
37	3	
42	3	
9	2	
40	4	
32	2	
45	3	
15	3	
29	2	
18	2	
16	5	
28	2	
25	2	
2	5	
30	4	
0	2	
48	2	
25	2	
26	3	
5	5	
14	4	
5	4	
42	5	
14	5	
21	2	
16	5	
20	3	
42	4	
46	2	
27	3	
16	3	
10	3	
7	2	
23	3	
45	5	
1	3	
18	4	
36	2	
2	2	
14	5	
28	3	
18	2	
13	2	
39	2	
12	2	
30	2	
21	3	
22	2	
24	2	
15	3	
5	3	
4	3	
23	5	
40	2	
38	2	
4	2	
17	4	
19	2	
31	3	
15	3	
45	2	
13	2	
37	4	
1	5	
45	2	
26	2	
9	3	
43	2	
6	5	
26	3	
17	4	
13	3	
46	2	
38	3	
42	3	
20	2	
9	3	
31	3	
35	3	
24	5	
44	2	
13	4	
41	3	
7	2	
47	2	
23	4	
4	2	
3	5	
48	3	
31	2	
10	4	
28	3	
13	2	
28	4	
33	3	
28	2	
43	2	
37	2	
22	2	
22	3	
26	4	
13	5	
47	2	
45	2	
27	3	
5	2	
45	2	
24	4	
2	2	
12	3	
42	5	
45	3	
38	5	
26	2	
13	2	
10	3	
7	3	
33	3	
7	5	
5	2	
11	4	
12	2	
10	3	
47	2	
8	3	
12	3	
11	2	
36	3	
46	4	
33	2	
4	2	
18	2	
19	4	
8	2	
7	2	
42	2	
43	2	
36	5	
1	2	
24	3	
10	5	
33	2	
8	2	
32	5	
34	4	
36	2	
10	5	
34	3	
1	5	
28	4	
33	3	
15	2	
0	2	
17	2	
12	3	
3	3	
15	5	
1	3	
18	3	
1	3	
4	5	
43	5	
15	2	
42	4	
21	2	
1	3	
32	2	
46	3	
15	3	
36	2	
0	2	
34	2	
6	2	
25	4	
32	5	
42	3	
44	3	
24	2	
16	2	

