1
90
8

0	0	0	0	0	0	0	0	
0	0	0	0	0	0	0	0	
0	0	0	0	0	0	0	0	
0	0	0	0	0	0	0	0	
0	0	0	0	0	0	0	0	
0	0	0	0	0	0	0	0	
0	0	0	0	0	0	0	0	
0	0	0	0	0	0	0	0	
0	0	0	0	0	0	0	0	
0	0	0	0	0	0	0	0	
0	0	0	0	0	0	0	0	
0	0	0	0	0	0	0	0	
0	0	0	0	0	0	0	0	
0	0	0	0	0	0	0	0	
0	0	0	0	0	0	0	0	
0	0	0	0	0	0	0	0	
0	0	0	0	0	0	0	0	
0	0	0	0	0	0	0	0	
0	0	0	0	0	0	0	0	
0	0	0	0	0	0	0	0	
0	0	0	0	0	0	0	0	
0	0	0	0	0	0	0	0	
0	0	0	0	0	0	0	0	
0	0	0	0	0	0	0	0	
0	0	0	0	0	0	0	0	
0	0	0	0	0	0	0	0	
0	0	0	0	0	0	0	0	
0	0	0	0	0	0	0	0	
0	0	0	0	0	0	0	0	
0	0	0	0	0	0	0	0	
0	0	0	0	0	0	0	0	
0	0	0	0	0	0	0	0	
0	0	0	0	0	0	0	0	
0	0	0	0	0	0	0	0	
0	0	0	0	0	0	0	0	
0	0	0	0	0	0	0	0	
0	0	0	0	0	0	0	0	
0	0	0	0	0	0	0	0	
0	0	0	0	0	0	0	0	
0	0	0	0	0	0	0	0	
0	0	0	0	0	0	0	0	
0	0	0	0	0	0	0	0	
0	0	0	0	0	0	0	0	
0	0	0	0	0	0	0	0	
0	0	0	0	0	0	0	0	
0	0	0	0	0	0	0	0	
0	0	0	0	0	0	0	0	
0	0	0	0	0	0	0	0	
0	0	0	0	0	0	0	0	
0	0	0	0	0	0	0	0	
0	0	0	0	0	0	0	0	
0	0	0	0	0	0	0	0	
0	0	0	0	0	0	0	0	
0	0	0	0	0	0	0	0	
0	0	0	0	0	0	0	0	
0	0	0	0	0	0	0	0	
0	0	0	0	0	0	0	0	
0	0	0	0	0	0	0	0	
0	0	0	0	0	0	0	0	
0	0	0	0	0	0	0	0	
0	0	0	0	0	0	0	0	
0	0	0	0	0	0	0	0	
0	0	0	0	0	0	0	0	
0	0	0	0	0	0	0	0	
0	0	0	0	0	0	0	0	
0	0	0	0	0	0	0	0	
0	0	0	0	0	0	0	0	
0	0	0	0	0	0	0	0	
0	0	0	0	0	0	0	0	
0	0	0	0	0	0	0	0	
0	0	0	0	0	0	0	0	
0	0	0	0	0	0	0	0	
0	0	0	0	0	0	0	0	
0	0	0	0	0	0	0	0	
0	0	0	0	0	0	0	0	
0	0	0	0	0	0	0	0	
0	0	0	0	0	0	0	0	
0	0	0	0	0	0	0	0	
0	0	0	0	0	0	0	0	
0	0	0	0	0	0	0	0	
0	0	0	0	0	0	0	0	
0	0	0	0	0	0	0	0	
0	0	0	0	0	0	0	0	
0	0	0	0	0	0	0	0	
0	0	0	0	0	0	0	0	
0	0	0	0	0	0	0	0	
0	0	0	0	0	0	0	0	
0	0	0	0	0	0	0	0	
0	0	0	0	0	0	0	0	
0	0	0	0	0	0	0	0	



46
200

21	5	
20	2	
3	4	
10	2	
38	3	
39	2	
25	3	
19	3	
18	2	
25	4	
19	5	
2	3	
34	4	
7	5	
28	3	
24	3	
43	2	
28	3	
38	4	
36	4	
6	5	
14	3	
35	3	
41	3	
38	2	
7	3	
10	2	
8	3	
22	5	
7	2	
39	2	
43	2	
44	2	
8	5	
44	2	
22	3	
42	5	
39	3	
4	3	
19	4	
33	2	
29	3	
26	4	
43	3	
5	5	
5	5	
2	4	
0	3	
22	4	
13	3	
6	2	
30	4	
29	3	
33	3	
28	2	
39	2	
33	3	
12	2	
42	4	
11	5	
1	5	
40	5	
10	2	
8	2	
7	2	
39	3	
17	2	
15	4	
6	5	
21	3	
15	2	
40	2	
21	3	
9	4	
26	4	
24	3	
23	2	
45	2	
34	5	
31	2	
17	3	
19	2	
41	5	
26	3	
19	3	
28	2	
27	3	
14	3	
8	4	
26	3	
37	5	
22	3	
7	3	
28	2	
16	2	
13	2	
14	3	
7	4	
25	3	
10	2	
42	2	
13	2	
6	4	
20	2	
33	2	
4	3	
42	3	
23	2	
3	3	
16	3	
27	3	
30	3	
36	3	
18	4	
22	2	
22	3	
19	2	
18	3	
0	2	
5	3	
7	3	
31	3	
26	2	
5	2	
12	2	
24	3	
2	3	
21	3	
39	3	
32	5	
45	3	
26	5	
34	2	
3	3	
0	4	
34	5	
11	2	
6	2	
0	4	
22	2	
20	2	
28	2	
13	2	
32	3	
31	2	
30	2	
32	2	
15	2	
5	3	
13	3	
10	2	
10	5	
15	2	
6	5	
42	3	
5	5	
37	3	
15	2	
6	5	
38	3	
37	2	
31	3	
35	4	
32	2	
1	3	
37	5	
6	3	
27	3	
4	3	
39	2	
0	2	
9	2	
31	3	
22	2	
21	4	
23	3	
26	3	
41	2	
3	5	
1	4	
13	2	
17	3	
3	2	
0	4	
26	4	
15	2	
21	3	
17	4	
20	5	
37	4	
1	4	
3	2	
23	5	
5	3	
21	5	
18	3	
0	3	
10	2	
5	2	
15	2	

