1
100
10

0	0	0	0	0	0	0	0	0	0	
0	0	0	0	0	0	0	0	0	0	
0	0	0	0	0	0	0	0	0	0	
0	0	0	0	0	0	0	0	0	0	
0	0	0	0	0	0	0	0	0	0	
0	0	0	0	0	0	0	0	0	0	
0	0	0	0	0	0	0	0	0	0	
0	0	0	0	0	0	0	0	0	0	
0	0	0	0	0	0	0	0	0	0	
0	0	0	0	0	0	0	0	0	0	
0	0	0	0	0	0	0	0	0	0	
0	0	0	0	0	0	0	0	0	0	
0	0	0	0	0	0	0	0	0	0	
0	0	0	0	0	0	0	0	0	0	
0	0	0	0	0	0	0	0	0	0	
0	0	0	0	0	0	0	0	0	0	
0	0	0	0	0	0	0	0	0	0	
0	0	0	0	0	0	0	0	0	0	
0	0	0	0	0	0	0	0	0	0	
0	0	0	0	0	0	0	0	0	0	
0	0	0	0	0	0	0	0	0	0	
0	0	0	0	0	0	0	0	0	0	
0	0	0	0	0	0	0	0	0	0	
0	0	0	0	0	0	0	0	0	0	
0	0	0	0	0	0	0	0	0	0	
0	0	0	0	0	0	0	0	0	0	
0	0	0	0	0	0	0	0	0	0	
0	0	0	0	0	0	0	0	0	0	
0	0	0	0	0	0	0	0	0	0	
0	0	0	0	0	0	0	0	0	0	
0	0	0	0	0	0	0	0	0	0	
0	0	0	0	0	0	0	0	0	0	
0	0	0	0	0	0	0	0	0	0	
0	0	0	0	0	0	0	0	0	0	
0	0	0	0	0	0	0	0	0	0	
0	0	0	0	0	0	0	0	0	0	
0	0	0	0	0	0	0	0	0	0	
0	0	0	0	0	0	0	0	0	0	
0	0	0	0	0	0	0	0	0	0	
0	0	0	0	0	0	0	0	0	0	
0	0	0	0	0	0	0	0	0	0	
0	0	0	0	0	0	0	0	0	0	
0	0	0	0	0	0	0	0	0	0	
0	0	0	0	0	0	0	0	0	0	
0	0	0	0	0	0	0	0	0	0	
0	0	0	0	0	0	0	0	0	0	
0	0	0	0	0	0	0	0	0	0	
0	0	0	0	0	0	0	0	0	0	
0	0	0	0	0	0	0	0	0	0	
0	0	0	0	0	0	0	0	0	0	
0	0	0	0	0	0	0	0	0	0	
0	0	0	0	0	0	0	0	0	0	
0	0	0	0	0	0	0	0	0	0	
0	0	0	0	0	0	0	0	0	0	
0	0	0	0	0	0	0	0	0	0	
0	0	0	0	0	0	0	0	0	0	
0	0	0	0	0	0	0	0	0	0	
0	0	0	0	0	0	0	0	0	0	
0	0	0	0	0	0	0	0	0	0	
0	0	0	0	0	0	0	0	0	0	
0	0	0	0	0	0	0	0	0	0	
0	0	0	0	0	0	0	0	0	0	
0	0	0	0	0	0	0	0	0	0	
0	0	0	0	0	0	0	0	0	0	
0	0	0	0	0	0	0	0	0	0	
0	0	0	0	0	0	0	0	0	0	
0	0	0	0	0	0	0	0	0	0	
0	0	0	0	0	0	0	0	0	0	
0	0	0	0	0	0	0	0	0	0	
0	0	0	0	0	0	0	0	0	0	
0	0	0	0	0	0	0	0	0	0	
0	0	0	0	0	0	0	0	0	0	
0	0	0	0	0	0	0	0	0	0	
0	0	0	0	0	0	0	0	0	0	
0	0	0	0	0	0	0	0	0	0	
0	0	0	0	0	0	0	0	0	0	
0	0	0	0	0	0	0	0	0	0	
0	0	0	0	0	0	0	0	0	0	
0	0	0	0	0	0	0	0	0	0	
0	0	0	0	0	0	0	0	0	0	
0	0	0	0	0	0	0	0	0	0	
0	0	0	0	0	0	0	0	0	0	
0	0	0	0	0	0	0	0	0	0	
0	0	0	0	0	0	0	0	0	0	
0	0	0	0	0	0	0	0	0	0	
0	0	0	0	0	0	0	0	0	0	
0	0	0	0	0	0	0	0	0	0	
0	0	0	0	0	0	0	0	0	0	
0	0	0	0	0	0	0	0	0	0	
0	0	0	0	0	0	0	0	0	0	
0	0	0	0	0	0	0	0	0	0	
0	0	0	0	0	0	0	0	0	0	
0	0	0	0	0	0	0	0	0	0	
0	0	0	0	0	0	0	0	0	0	
0	0	0	0	0	0	0	0	0	0	
0	0	0	0	0	0	0	0	0	0	
0	0	0	0	0	0	0	0	0	0	
0	0	0	0	0	0	0	0	0	0	
0	0	0	0	0	0	0	0	0	0	
0	0	0	0	0	0	0	0	0	0	



62
275

27	3	
12	4	
40	5	
47	5	
14	5	
27	3	
29	2	
16	4	
29	2	
32	4	
54	4	
26	3	
58	2	
33	2	
18	2	
34	5	
29	2	
24	5	
15	2	
61	3	
14	3	
5	3	
7	5	
56	3	
21	3	
11	2	
43	5	
41	3	
29	2	
16	3	
30	3	
55	2	
7	2	
41	3	
25	2	
34	2	
3	5	
61	2	
44	2	
7	3	
57	2	
60	3	
40	4	
39	2	
44	2	
14	5	
37	3	
30	3	
47	2	
28	3	
27	2	
21	2	
43	2	
54	2	
52	3	
56	5	
59	2	
22	5	
4	5	
31	4	
32	3	
44	4	
10	2	
4	2	
59	2	
55	3	
40	2	
29	3	
26	5	
37	3	
47	5	
57	5	
12	4	
46	3	
52	3	
48	4	
35	5	
38	4	
58	5	
49	2	
16	2	
15	2	
5	2	
32	4	
41	3	
36	3	
40	2	
30	2	
24	4	
5	3	
31	2	
48	2	
7	3	
22	4	
51	2	
22	5	
50	3	
28	2	
51	2	
45	2	
37	5	
33	2	
61	5	
41	2	
24	2	
26	5	
60	5	
20	3	
59	2	
59	3	
29	2	
58	3	
50	3	
15	2	
54	3	
10	5	
18	2	
50	5	
28	4	
1	4	
56	2	
52	4	
6	3	
20	4	
5	3	
52	3	
28	2	
21	2	
53	3	
0	5	
22	4	
2	5	
56	2	
60	2	
31	2	
50	5	
15	5	
14	3	
61	5	
53	2	
17	3	
49	3	
38	4	
22	2	
57	5	
19	2	
22	3	
43	5	
53	2	
8	5	
41	3	
23	2	
51	3	
33	3	
11	2	
52	3	
10	5	
12	2	
14	3	
30	2	
48	3	
19	3	
38	2	
56	3	
36	3	
28	3	
41	4	
32	3	
6	2	
17	2	
57	2	
55	2	
50	2	
3	3	
56	3	
52	3	
39	4	
32	2	
5	5	
49	2	
5	4	
22	3	
36	5	
37	2	
55	3	
25	3	
15	2	
10	5	
8	2	
42	3	
38	2	
27	2	
38	4	
39	2	
24	2	
15	5	
47	3	
42	5	
47	3	
40	2	
39	2	
14	2	
44	3	
35	5	
55	3	
38	2	
29	3	
45	3	
23	3	
15	3	
39	2	
40	5	
32	5	
56	4	
18	2	
30	5	
44	2	
38	2	
16	3	
38	4	
2	2	
30	5	
13	5	
17	4	
18	3	
13	4	
30	3	
21	4	
40	2	
57	5	
53	5	
50	2	
55	2	
2	3	
45	4	
52	2	
48	5	
39	2	
22	2	
16	3	
43	2	
48	2	
46	2	
29	3	
0	3	
8	2	
45	4	
46	4	
21	2	
59	2	
25	4	
9	2	
27	2	
1	2	
9	4	
55	5	
27	3	
44	4	
27	3	
54	2	
2	3	
9	2	
31	3	
17	3	
57	2	
57	3	
47	2	
44	3	
20	2	
58	3	
32	2	
59	3	
54	4	
40	3	
26	3	

