1
100
10

0	0	0	0	0	0	0	0	0	0	
0	0	0	0	0	0	0	0	0	0	
0	0	0	0	0	0	0	0	0	0	
0	0	0	0	0	0	0	0	0	0	
0	0	0	0	0	0	0	0	0	0	
0	0	0	0	0	0	0	0	0	0	
0	0	0	0	0	0	0	0	0	0	
0	0	0	0	0	0	0	0	0	0	
0	0	0	0	0	0	0	0	0	0	
0	0	0	0	0	0	0	0	0	0	
0	0	0	0	0	0	0	0	0	0	
0	0	0	0	0	0	0	0	0	0	
0	0	0	0	0	0	0	0	0	0	
0	0	0	0	0	0	0	0	0	0	
0	0	0	0	0	0	0	0	0	0	
0	0	0	0	0	0	0	0	0	0	
0	0	0	0	0	0	0	0	0	0	
0	0	0	0	0	0	0	0	0	0	
0	0	0	0	0	0	0	0	0	0	
0	0	0	0	0	0	0	0	0	0	
0	0	0	0	0	0	0	0	0	0	
0	0	0	0	0	0	0	0	0	0	
0	0	0	0	0	0	0	0	0	0	
0	0	0	0	0	0	0	0	0	0	
0	0	0	0	0	0	0	0	0	0	
0	0	0	0	0	0	0	0	0	0	
0	0	0	0	0	0	0	0	0	0	
0	0	0	0	0	0	0	0	0	0	
0	0	0	0	0	0	0	0	0	0	
0	0	0	0	0	0	0	0	0	0	
0	0	0	0	0	0	0	0	0	0	
0	0	0	0	0	0	0	0	0	0	
0	0	0	0	0	0	0	0	0	0	
0	0	0	0	0	0	0	0	0	0	
0	0	0	0	0	0	0	0	0	0	
0	0	0	0	0	0	0	0	0	0	
0	0	0	0	0	0	0	0	0	0	
0	0	0	0	0	0	0	0	0	0	
0	0	0	0	0	0	0	0	0	0	
0	0	0	0	0	0	0	0	0	0	
0	0	0	0	0	0	0	0	0	0	
0	0	0	0	0	0	0	0	0	0	
0	0	0	0	0	0	0	0	0	0	
0	0	0	0	0	0	0	0	0	0	
0	0	0	0	0	0	0	0	0	0	
0	0	0	0	0	0	0	0	0	0	
0	0	0	0	0	0	0	0	0	0	
0	0	0	0	0	0	0	0	0	0	
0	0	0	0	0	0	0	0	0	0	
0	0	0	0	0	0	0	0	0	0	
0	0	0	0	0	0	0	0	0	0	
0	0	0	0	0	0	0	0	0	0	
0	0	0	0	0	0	0	0	0	0	
0	0	0	0	0	0	0	0	0	0	
0	0	0	0	0	0	0	0	0	0	
0	0	0	0	0	0	0	0	0	0	
0	0	0	0	0	0	0	0	0	0	
0	0	0	0	0	0	0	0	0	0	
0	0	0	0	0	0	0	0	0	0	
0	0	0	0	0	0	0	0	0	0	
0	0	0	0	0	0	0	0	0	0	
0	0	0	0	0	0	0	0	0	0	
0	0	0	0	0	0	0	0	0	0	
0	0	0	0	0	0	0	0	0	0	
0	0	0	0	0	0	0	0	0	0	
0	0	0	0	0	0	0	0	0	0	
0	0	0	0	0	0	0	0	0	0	
0	0	0	0	0	0	0	0	0	0	
0	0	0	0	0	0	0	0	0	0	
0	0	0	0	0	0	0	0	0	0	
0	0	0	0	0	0	0	0	0	0	
0	0	0	0	0	0	0	0	0	0	
0	0	0	0	0	0	0	0	0	0	
0	0	0	0	0	0	0	0	0	0	
0	0	0	0	0	0	0	0	0	0	
0	0	0	0	0	0	0	0	0	0	
0	0	0	0	0	0	0	0	0	0	
0	0	0	0	0	0	0	0	0	0	
0	0	0	0	0	0	0	0	0	0	
0	0	0	0	0	0	0	0	0	0	
0	0	0	0	0	0	0	0	0	0	
0	0	0	0	0	0	0	0	0	0	
0	0	0	0	0	0	0	0	0	0	
0	0	0	0	0	0	0	0	0	0	
0	0	0	0	0	0	0	0	0	0	
0	0	0	0	0	0	0	0	0	0	
0	0	0	0	0	0	0	0	0	0	
0	0	0	0	0	0	0	0	0	0	
0	0	0	0	0	0	0	0	0	0	
0	0	0	0	0	0	0	0	0	0	
0	0	0	0	0	0	0	0	0	0	
0	0	0	0	0	0	0	0	0	0	
0	0	0	0	0	0	0	0	0	0	
0	0	0	0	0	0	0	0	0	0	
0	0	0	0	0	0	0	0	0	0	
0	0	0	0	0	0	0	0	0	0	
0	0	0	0	0	0	0	0	0	0	
0	0	0	0	0	0	0	0	0	0	
0	0	0	0	0	0	0	0	0	0	
0	0	0	0	0	0	0	0	0	0	



63
283

56	3	
4	2	
30	3	
44	2	
28	4	
43	2	
0	4	
31	3	
21	2	
19	2	
26	4	
29	2	
52	4	
44	4	
16	5	
43	3	
14	5	
34	3	
62	2	
55	2	
11	5	
22	2	
14	3	
25	2	
56	3	
28	2	
4	5	
10	2	
42	2	
29	2	
16	5	
40	3	
48	2	
24	4	
18	3	
20	3	
24	5	
29	2	
23	2	
57	2	
43	3	
17	5	
42	2	
20	2	
14	3	
28	4	
39	4	
45	2	
8	3	
9	3	
61	2	
37	2	
57	4	
5	2	
62	5	
33	4	
48	3	
10	3	
19	2	
34	4	
19	3	
45	2	
24	4	
3	2	
55	5	
22	2	
46	5	
28	2	
38	2	
32	4	
44	2	
4	5	
34	3	
8	3	
56	3	
41	4	
9	2	
56	2	
11	2	
31	5	
58	3	
14	4	
56	4	
47	2	
35	3	
42	4	
18	4	
16	2	
56	3	
55	2	
62	2	
33	3	
44	2	
31	3	
40	2	
30	2	
52	3	
13	5	
54	4	
16	2	
35	4	
19	4	
57	4	
57	4	
12	3	
29	3	
34	3	
55	2	
32	2	
27	4	
31	4	
33	3	
31	3	
48	5	
17	2	
58	2	
50	4	
25	3	
1	4	
3	4	
56	2	
16	2	
14	3	
20	2	
47	3	
10	3	
34	2	
38	2	
58	2	
48	2	
6	3	
35	2	
6	2	
5	3	
53	2	
31	2	
14	2	
12	2	
38	2	
0	4	
19	3	
24	3	
62	2	
50	4	
48	4	
28	4	
14	4	
1	2	
20	2	
26	3	
18	4	
52	5	
57	3	
11	2	
23	2	
15	2	
49	4	
16	4	
60	2	
6	5	
54	4	
25	5	
12	5	
13	5	
18	2	
62	5	
13	2	
58	3	
54	3	
59	2	
37	2	
1	2	
61	3	
39	2	
6	2	
25	2	
21	3	
24	5	
16	2	
7	2	
28	3	
32	3	
44	5	
51	3	
62	2	
35	2	
12	3	
27	2	
11	3	
39	2	
40	2	
38	2	
20	3	
36	2	
17	5	
31	4	
40	2	
54	3	
39	5	
44	5	
6	5	
36	4	
60	2	
49	3	
2	2	
50	5	
23	5	
20	3	
1	3	
25	2	
34	4	
24	2	
4	2	
46	4	
39	4	
55	2	
44	2	
51	3	
19	2	
59	4	
12	4	
22	2	
51	3	
45	2	
53	3	
33	2	
41	3	
48	2	
28	2	
51	2	
6	2	
13	3	
43	3	
2	3	
61	4	
49	2	
15	5	
51	3	
39	2	
57	2	
7	4	
1	5	
6	3	
34	4	
42	2	
31	5	
38	2	
0	2	
45	5	
1	2	
52	2	
13	3	
55	4	
20	5	
22	2	
49	2	
8	3	
57	3	
23	2	
18	5	
25	2	
51	3	
33	3	
46	5	
52	3	
51	3	
16	3	
33	2	
24	2	
0	3	
55	3	
24	3	
8	2	
40	2	
28	3	
13	2	
8	2	
53	3	
26	5	
1	3	
51	2	
53	3	
13	3	

