1
100
10

0	0	0	0	0	0	0	0	0	0	
0	0	0	0	0	0	0	0	0	0	
0	0	0	0	0	0	0	0	0	0	
0	0	0	0	0	0	0	0	0	0	
0	0	0	0	0	0	0	0	0	0	
0	0	0	0	0	0	0	0	0	0	
0	0	0	0	0	0	0	0	0	0	
0	0	0	0	0	0	0	0	0	0	
0	0	0	0	0	0	0	0	0	0	
0	0	0	0	0	0	0	0	0	0	
0	0	0	0	0	0	0	0	0	0	
0	0	0	0	0	0	0	0	0	0	
0	0	0	0	0	0	0	0	0	0	
0	0	0	0	0	0	0	0	0	0	
0	0	0	0	0	0	0	0	0	0	
0	0	0	0	0	0	0	0	0	0	
0	0	0	0	0	0	0	0	0	0	
0	0	0	0	0	0	0	0	0	0	
0	0	0	0	0	0	0	0	0	0	
0	0	0	0	0	0	0	0	0	0	
0	0	0	0	0	0	0	0	0	0	
0	0	0	0	0	0	0	0	0	0	
0	0	0	0	0	0	0	0	0	0	
0	0	0	0	0	0	0	0	0	0	
0	0	0	0	0	0	0	0	0	0	
0	0	0	0	0	0	0	0	0	0	
0	0	0	0	0	0	0	0	0	0	
0	0	0	0	0	0	0	0	0	0	
0	0	0	0	0	0	0	0	0	0	
0	0	0	0	0	0	0	0	0	0	
0	0	0	0	0	0	0	0	0	0	
0	0	0	0	0	0	0	0	0	0	
0	0	0	0	0	0	0	0	0	0	
0	0	0	0	0	0	0	0	0	0	
0	0	0	0	0	0	0	0	0	0	
0	0	0	0	0	0	0	0	0	0	
0	0	0	0	0	0	0	0	0	0	
0	0	0	0	0	0	0	0	0	0	
0	0	0	0	0	0	0	0	0	0	
0	0	0	0	0	0	0	0	0	0	
0	0	0	0	0	0	0	0	0	0	
0	0	0	0	0	0	0	0	0	0	
0	0	0	0	0	0	0	0	0	0	
0	0	0	0	0	0	0	0	0	0	
0	0	0	0	0	0	0	0	0	0	
0	0	0	0	0	0	0	0	0	0	
0	0	0	0	0	0	0	0	0	0	
0	0	0	0	0	0	0	0	0	0	
0	0	0	0	0	0	0	0	0	0	
0	0	0	0	0	0	0	0	0	0	
0	0	0	0	0	0	0	0	0	0	
0	0	0	0	0	0	0	0	0	0	
0	0	0	0	0	0	0	0	0	0	
0	0	0	0	0	0	0	0	0	0	
0	0	0	0	0	0	0	0	0	0	
0	0	0	0	0	0	0	0	0	0	
0	0	0	0	0	0	0	0	0	0	
0	0	0	0	0	0	0	0	0	0	
0	0	0	0	0	0	0	0	0	0	
0	0	0	0	0	0	0	0	0	0	
0	0	0	0	0	0	0	0	0	0	
0	0	0	0	0	0	0	0	0	0	
0	0	0	0	0	0	0	0	0	0	
0	0	0	0	0	0	0	0	0	0	
0	0	0	0	0	0	0	0	0	0	
0	0	0	0	0	0	0	0	0	0	
0	0	0	0	0	0	0	0	0	0	
0	0	0	0	0	0	0	0	0	0	
0	0	0	0	0	0	0	0	0	0	
0	0	0	0	0	0	0	0	0	0	
0	0	0	0	0	0	0	0	0	0	
0	0	0	0	0	0	0	0	0	0	
0	0	0	0	0	0	0	0	0	0	
0	0	0	0	0	0	0	0	0	0	
0	0	0	0	0	0	0	0	0	0	
0	0	0	0	0	0	0	0	0	0	
0	0	0	0	0	0	0	0	0	0	
0	0	0	0	0	0	0	0	0	0	
0	0	0	0	0	0	0	0	0	0	
0	0	0	0	0	0	0	0	0	0	
0	0	0	0	0	0	0	0	0	0	
0	0	0	0	0	0	0	0	0	0	
0	0	0	0	0	0	0	0	0	0	
0	0	0	0	0	0	0	0	0	0	
0	0	0	0	0	0	0	0	0	0	
0	0	0	0	0	0	0	0	0	0	
0	0	0	0	0	0	0	0	0	0	
0	0	0	0	0	0	0	0	0	0	
0	0	0	0	0	0	0	0	0	0	
0	0	0	0	0	0	0	0	0	0	
0	0	0	0	0	0	0	0	0	0	
0	0	0	0	0	0	0	0	0	0	
0	0	0	0	0	0	0	0	0	0	
0	0	0	0	0	0	0	0	0	0	
0	0	0	0	0	0	0	0	0	0	
0	0	0	0	0	0	0	0	0	0	
0	0	0	0	0	0	0	0	0	0	
0	0	0	0	0	0	0	0	0	0	
0	0	0	0	0	0	0	0	0	0	
0	0	0	0	0	0	0	0	0	0	



65
273

32	4	
43	3	
61	2	
5	2	
30	5	
47	5	
43	2	
44	5	
36	2	
16	2	
25	2	
58	4	
11	2	
55	5	
8	2	
18	3	
40	5	
53	3	
64	4	
59	3	
49	2	
37	3	
2	2	
42	5	
23	5	
45	4	
61	2	
3	3	
13	2	
19	2	
7	2	
25	5	
32	4	
7	3	
26	4	
52	2	
12	4	
10	2	
16	2	
31	2	
20	2	
55	5	
38	2	
21	2	
11	5	
37	5	
1	3	
33	4	
40	3	
38	3	
10	2	
15	2	
36	3	
17	3	
16	5	
41	5	
26	2	
3	3	
15	3	
58	2	
9	3	
4	2	
22	5	
6	3	
25	2	
37	3	
4	3	
54	2	
5	2	
12	2	
28	2	
27	5	
7	5	
62	4	
64	3	
59	5	
38	2	
42	5	
54	5	
50	5	
9	3	
46	2	
29	3	
20	3	
33	3	
33	2	
53	3	
33	3	
25	4	
50	3	
42	5	
32	2	
19	2	
1	2	
24	4	
57	3	
7	2	
2	3	
38	5	
30	3	
39	3	
37	3	
52	5	
0	3	
64	5	
55	2	
24	3	
32	4	
51	2	
57	5	
44	3	
56	2	
34	2	
28	2	
4	2	
8	3	
9	2	
5	3	
19	2	
32	2	
43	3	
56	2	
12	2	
14	3	
53	2	
8	2	
58	2	
59	5	
31	3	
12	3	
58	5	
41	2	
32	3	
2	3	
57	2	
38	2	
63	5	
46	5	
18	2	
61	5	
10	2	
57	2	
52	3	
2	4	
49	4	
45	4	
24	2	
7	2	
29	3	
54	2	
23	2	
16	2	
14	2	
28	5	
34	3	
52	2	
51	2	
22	5	
11	3	
62	2	
52	2	
59	4	
16	3	
42	5	
11	2	
53	2	
0	2	
54	5	
20	4	
57	3	
28	3	
57	4	
60	5	
55	3	
7	4	
31	3	
18	2	
5	3	
59	2	
14	2	
3	5	
13	3	
59	3	
54	2	
23	2	
20	2	
58	3	
11	2	
43	2	
56	5	
31	3	
61	3	
59	5	
64	2	
1	5	
53	2	
18	5	
4	2	
42	5	
2	2	
60	3	
3	3	
52	5	
28	2	
36	3	
22	4	
26	3	
52	3	
11	2	
48	4	
7	3	
17	2	
23	4	
1	3	
27	5	
13	5	
59	3	
4	4	
28	4	
64	3	
39	3	
35	5	
1	3	
51	2	
56	3	
16	3	
11	4	
40	5	
40	2	
43	3	
57	2	
39	2	
58	3	
48	2	
56	5	
25	4	
0	5	
63	2	
26	3	
42	3	
6	3	
23	5	
29	5	
34	2	
21	5	
13	3	
8	2	
12	4	
15	2	
42	4	
8	2	
23	2	
40	2	
47	3	
32	4	
53	2	
35	3	
20	2	
12	3	
37	2	
35	2	
16	3	
32	3	
29	3	
20	4	
25	2	
28	3	
27	3	
54	4	
7	3	
2	4	
58	3	
64	3	

