1
100
10

0	0	0	0	0	0	0	0	0	0	
0	0	0	0	0	0	0	0	0	0	
0	0	0	0	0	0	0	0	0	0	
0	0	0	0	0	0	0	0	0	0	
0	0	0	0	0	0	0	0	0	0	
0	0	0	0	0	0	0	0	0	0	
0	0	0	0	0	0	0	0	0	0	
0	0	0	0	0	0	0	0	0	0	
0	0	0	0	0	0	0	0	0	0	
0	0	0	0	0	0	0	0	0	0	
0	0	0	0	0	0	0	0	0	0	
0	0	0	0	0	0	0	0	0	0	
0	0	0	0	0	0	0	0	0	0	
0	0	0	0	0	0	0	0	0	0	
0	0	0	0	0	0	0	0	0	0	
0	0	0	0	0	0	0	0	0	0	
0	0	0	0	0	0	0	0	0	0	
0	0	0	0	0	0	0	0	0	0	
0	0	0	0	0	0	0	0	0	0	
0	0	0	0	0	0	0	0	0	0	
0	0	0	0	0	0	0	0	0	0	
0	0	0	0	0	0	0	0	0	0	
0	0	0	0	0	0	0	0	0	0	
0	0	0	0	0	0	0	0	0	0	
0	0	0	0	0	0	0	0	0	0	
0	0	0	0	0	0	0	0	0	0	
0	0	0	0	0	0	0	0	0	0	
0	0	0	0	0	0	0	0	0	0	
0	0	0	0	0	0	0	0	0	0	
0	0	0	0	0	0	0	0	0	0	
0	0	0	0	0	0	0	0	0	0	
0	0	0	0	0	0	0	0	0	0	
0	0	0	0	0	0	0	0	0	0	
0	0	0	0	0	0	0	0	0	0	
0	0	0	0	0	0	0	0	0	0	
0	0	0	0	0	0	0	0	0	0	
0	0	0	0	0	0	0	0	0	0	
0	0	0	0	0	0	0	0	0	0	
0	0	0	0	0	0	0	0	0	0	
0	0	0	0	0	0	0	0	0	0	
0	0	0	0	0	0	0	0	0	0	
0	0	0	0	0	0	0	0	0	0	
0	0	0	0	0	0	0	0	0	0	
0	0	0	0	0	0	0	0	0	0	
0	0	0	0	0	0	0	0	0	0	
0	0	0	0	0	0	0	0	0	0	
0	0	0	0	0	0	0	0	0	0	
0	0	0	0	0	0	0	0	0	0	
0	0	0	0	0	0	0	0	0	0	
0	0	0	0	0	0	0	0	0	0	
0	0	0	0	0	0	0	0	0	0	
0	0	0	0	0	0	0	0	0	0	
0	0	0	0	0	0	0	0	0	0	
0	0	0	0	0	0	0	0	0	0	
0	0	0	0	0	0	0	0	0	0	
0	0	0	0	0	0	0	0	0	0	
0	0	0	0	0	0	0	0	0	0	
0	0	0	0	0	0	0	0	0	0	
0	0	0	0	0	0	0	0	0	0	
0	0	0	0	0	0	0	0	0	0	
0	0	0	0	0	0	0	0	0	0	
0	0	0	0	0	0	0	0	0	0	
0	0	0	0	0	0	0	0	0	0	
0	0	0	0	0	0	0	0	0	0	
0	0	0	0	0	0	0	0	0	0	
0	0	0	0	0	0	0	0	0	0	
0	0	0	0	0	0	0	0	0	0	
0	0	0	0	0	0	0	0	0	0	
0	0	0	0	0	0	0	0	0	0	
0	0	0	0	0	0	0	0	0	0	
0	0	0	0	0	0	0	0	0	0	
0	0	0	0	0	0	0	0	0	0	
0	0	0	0	0	0	0	0	0	0	
0	0	0	0	0	0	0	0	0	0	
0	0	0	0	0	0	0	0	0	0	
0	0	0	0	0	0	0	0	0	0	
0	0	0	0	0	0	0	0	0	0	
0	0	0	0	0	0	0	0	0	0	
0	0	0	0	0	0	0	0	0	0	
0	0	0	0	0	0	0	0	0	0	
0	0	0	0	0	0	0	0	0	0	
0	0	0	0	0	0	0	0	0	0	
0	0	0	0	0	0	0	0	0	0	
0	0	0	0	0	0	0	0	0	0	
0	0	0	0	0	0	0	0	0	0	
0	0	0	0	0	0	0	0	0	0	
0	0	0	0	0	0	0	0	0	0	
0	0	0	0	0	0	0	0	0	0	
0	0	0	0	0	0	0	0	0	0	
0	0	0	0	0	0	0	0	0	0	
0	0	0	0	0	0	0	0	0	0	
0	0	0	0	0	0	0	0	0	0	
0	0	0	0	0	0	0	0	0	0	
0	0	0	0	0	0	0	0	0	0	
0	0	0	0	0	0	0	0	0	0	
0	0	0	0	0	0	0	0	0	0	
0	0	0	0	0	0	0	0	0	0	
0	0	0	0	0	0	0	0	0	0	
0	0	0	0	0	0	0	0	0	0	
0	0	0	0	0	0	0	0	0	0	



61
279

41	3	
47	5	
14	4	
37	2	
22	2	
26	5	
50	5	
11	3	
22	4	
60	3	
15	4	
43	3	
40	3	
49	3	
20	3	
5	2	
27	2	
40	2	
17	2	
3	4	
18	2	
5	2	
32	2	
6	2	
0	3	
58	3	
56	2	
32	2	
56	2	
17	3	
46	2	
41	2	
13	3	
5	2	
1	3	
11	2	
35	3	
27	4	
2	3	
48	4	
53	3	
44	4	
16	3	
12	5	
47	4	
24	2	
41	3	
17	5	
20	5	
1	3	
12	2	
8	3	
47	5	
31	2	
49	4	
4	2	
10	2	
13	3	
53	5	
6	2	
0	3	
30	3	
12	3	
25	2	
50	3	
20	5	
37	5	
49	3	
38	5	
52	3	
52	3	
1	5	
49	2	
50	2	
8	3	
5	4	
59	3	
9	2	
41	3	
40	5	
23	4	
36	2	
46	5	
50	2	
35	3	
17	2	
50	2	
46	4	
38	2	
25	2	
51	4	
18	3	
39	2	
43	3	
33	2	
47	5	
60	3	
15	3	
26	3	
56	2	
1	2	
46	3	
41	2	
22	2	
11	2	
25	4	
6	4	
26	5	
50	3	
34	3	
19	5	
42	3	
57	3	
31	3	
12	5	
55	2	
10	2	
8	2	
30	4	
38	4	
22	3	
7	2	
2	3	
1	3	
31	2	
8	3	
16	2	
23	3	
42	4	
58	3	
28	3	
26	2	
17	3	
59	2	
5	3	
13	2	
15	2	
42	2	
46	2	
35	3	
29	3	
13	3	
47	2	
26	5	
45	4	
8	5	
52	4	
43	3	
21	3	
6	4	
8	2	
35	3	
55	2	
6	5	
49	2	
49	2	
0	5	
49	3	
11	5	
43	2	
59	2	
7	2	
6	3	
36	2	
35	5	
2	2	
0	2	
29	3	
60	3	
19	4	
59	2	
26	3	
8	2	
5	5	
14	3	
57	3	
48	2	
12	3	
23	3	
31	2	
7	2	
44	5	
16	5	
52	3	
33	4	
35	2	
47	3	
50	2	
1	4	
31	2	
4	2	
24	2	
47	2	
54	2	
13	2	
2	4	
31	5	
60	2	
45	3	
16	3	
8	3	
10	3	
42	2	
44	2	
11	5	
42	5	
0	4	
51	5	
13	2	
3	2	
34	3	
46	3	
44	3	
56	2	
14	3	
0	2	
0	3	
15	3	
36	3	
15	2	
40	3	
5	2	
30	2	
41	3	
23	3	
4	3	
9	5	
51	3	
29	2	
38	2	
59	2	
39	3	
11	5	
52	3	
12	2	
54	3	
39	5	
15	5	
60	3	
31	2	
19	3	
14	2	
7	5	
21	2	
28	2	
59	3	
19	5	
15	3	
11	5	
56	3	
1	3	
32	2	
17	2	
56	3	
1	3	
41	3	
32	3	
14	3	
52	4	
17	3	
19	4	
39	5	
7	3	
32	3	
59	2	
47	3	
12	3	
55	5	
50	2	
12	5	
28	5	
43	3	
40	5	
40	2	
15	2	
32	2	
40	5	
19	2	
33	2	

