1
100
10

0	0	0	0	0	0	0	0	0	0	
0	0	0	0	0	0	0	0	0	0	
0	0	0	0	0	0	0	0	0	0	
0	0	0	0	0	0	0	0	0	0	
0	0	0	0	0	0	0	0	0	0	
0	0	0	0	0	0	0	0	0	0	
0	0	0	0	0	0	0	0	0	0	
0	0	0	0	0	0	0	0	0	0	
0	0	0	0	0	0	0	0	0	0	
0	0	0	0	0	0	0	0	0	0	
0	0	0	0	0	0	0	0	0	0	
0	0	0	0	0	0	0	0	0	0	
0	0	0	0	0	0	0	0	0	0	
0	0	0	0	0	0	0	0	0	0	
0	0	0	0	0	0	0	0	0	0	
0	0	0	0	0	0	0	0	0	0	
0	0	0	0	0	0	0	0	0	0	
0	0	0	0	0	0	0	0	0	0	
0	0	0	0	0	0	0	0	0	0	
0	0	0	0	0	0	0	0	0	0	
0	0	0	0	0	0	0	0	0	0	
0	0	0	0	0	0	0	0	0	0	
0	0	0	0	0	0	0	0	0	0	
0	0	0	0	0	0	0	0	0	0	
0	0	0	0	0	0	0	0	0	0	
0	0	0	0	0	0	0	0	0	0	
0	0	0	0	0	0	0	0	0	0	
0	0	0	0	0	0	0	0	0	0	
0	0	0	0	0	0	0	0	0	0	
0	0	0	0	0	0	0	0	0	0	
0	0	0	0	0	0	0	0	0	0	
0	0	0	0	0	0	0	0	0	0	
0	0	0	0	0	0	0	0	0	0	
0	0	0	0	0	0	0	0	0	0	
0	0	0	0	0	0	0	0	0	0	
0	0	0	0	0	0	0	0	0	0	
0	0	0	0	0	0	0	0	0	0	
0	0	0	0	0	0	0	0	0	0	
0	0	0	0	0	0	0	0	0	0	
0	0	0	0	0	0	0	0	0	0	
0	0	0	0	0	0	0	0	0	0	
0	0	0	0	0	0	0	0	0	0	
0	0	0	0	0	0	0	0	0	0	
0	0	0	0	0	0	0	0	0	0	
0	0	0	0	0	0	0	0	0	0	
0	0	0	0	0	0	0	0	0	0	
0	0	0	0	0	0	0	0	0	0	
0	0	0	0	0	0	0	0	0	0	
0	0	0	0	0	0	0	0	0	0	
0	0	0	0	0	0	0	0	0	0	
0	0	0	0	0	0	0	0	0	0	
0	0	0	0	0	0	0	0	0	0	
0	0	0	0	0	0	0	0	0	0	
0	0	0	0	0	0	0	0	0	0	
0	0	0	0	0	0	0	0	0	0	
0	0	0	0	0	0	0	0	0	0	
0	0	0	0	0	0	0	0	0	0	
0	0	0	0	0	0	0	0	0	0	
0	0	0	0	0	0	0	0	0	0	
0	0	0	0	0	0	0	0	0	0	
0	0	0	0	0	0	0	0	0	0	
0	0	0	0	0	0	0	0	0	0	
0	0	0	0	0	0	0	0	0	0	
0	0	0	0	0	0	0	0	0	0	
0	0	0	0	0	0	0	0	0	0	
0	0	0	0	0	0	0	0	0	0	
0	0	0	0	0	0	0	0	0	0	
0	0	0	0	0	0	0	0	0	0	
0	0	0	0	0	0	0	0	0	0	
0	0	0	0	0	0	0	0	0	0	
0	0	0	0	0	0	0	0	0	0	
0	0	0	0	0	0	0	0	0	0	
0	0	0	0	0	0	0	0	0	0	
0	0	0	0	0	0	0	0	0	0	
0	0	0	0	0	0	0	0	0	0	
0	0	0	0	0	0	0	0	0	0	
0	0	0	0	0	0	0	0	0	0	
0	0	0	0	0	0	0	0	0	0	
0	0	0	0	0	0	0	0	0	0	
0	0	0	0	0	0	0	0	0	0	
0	0	0	0	0	0	0	0	0	0	
0	0	0	0	0	0	0	0	0	0	
0	0	0	0	0	0	0	0	0	0	
0	0	0	0	0	0	0	0	0	0	
0	0	0	0	0	0	0	0	0	0	
0	0	0	0	0	0	0	0	0	0	
0	0	0	0	0	0	0	0	0	0	
0	0	0	0	0	0	0	0	0	0	
0	0	0	0	0	0	0	0	0	0	
0	0	0	0	0	0	0	0	0	0	
0	0	0	0	0	0	0	0	0	0	
0	0	0	0	0	0	0	0	0	0	
0	0	0	0	0	0	0	0	0	0	
0	0	0	0	0	0	0	0	0	0	
0	0	0	0	0	0	0	0	0	0	
0	0	0	0	0	0	0	0	0	0	
0	0	0	0	0	0	0	0	0	0	
0	0	0	0	0	0	0	0	0	0	
0	0	0	0	0	0	0	0	0	0	
0	0	0	0	0	0	0	0	0	0	



65
285

45	3	
31	2	
6	2	
24	5	
11	4	
46	5	
38	3	
17	2	
42	2	
62	4	
8	2	
6	2	
9	3	
12	2	
11	2	
21	4	
56	3	
47	4	
58	5	
34	5	
34	2	
19	2	
1	2	
57	4	
64	5	
9	3	
9	3	
0	2	
6	3	
46	3	
11	2	
54	5	
11	3	
27	4	
45	2	
4	3	
49	2	
19	2	
11	4	
8	2	
15	3	
58	3	
0	3	
37	3	
1	4	
51	4	
43	5	
31	5	
9	3	
17	3	
3	2	
22	5	
18	2	
33	4	
21	3	
52	3	
2	3	
24	5	
15	2	
6	3	
32	3	
59	5	
18	2	
41	3	
39	5	
57	2	
37	3	
4	3	
3	5	
47	2	
48	2	
31	5	
56	3	
49	2	
15	3	
37	4	
36	2	
32	2	
7	2	
22	2	
35	2	
18	2	
37	2	
55	3	
60	2	
12	2	
41	3	
64	2	
45	3	
63	2	
0	3	
5	4	
40	3	
57	2	
55	5	
29	2	
51	2	
58	3	
26	2	
16	4	
16	2	
58	2	
51	4	
41	3	
60	3	
40	3	
50	2	
54	2	
25	5	
38	3	
47	2	
53	2	
28	3	
26	5	
64	3	
0	3	
11	2	
38	4	
46	2	
41	2	
49	5	
22	4	
45	5	
29	2	
2	4	
46	2	
60	2	
1	3	
57	2	
36	3	
5	2	
12	4	
28	4	
7	2	
20	2	
31	5	
14	2	
50	3	
5	5	
32	2	
47	2	
3	2	
22	3	
2	2	
12	4	
51	2	
28	2	
38	2	
50	4	
64	3	
52	2	
0	2	
49	5	
52	5	
32	3	
10	3	
10	3	
10	2	
28	3	
15	4	
27	2	
41	4	
58	3	
60	3	
26	2	
64	2	
39	2	
44	2	
61	2	
1	5	
34	5	
5	3	
64	3	
43	2	
10	2	
8	2	
42	5	
14	4	
39	2	
62	2	
60	3	
21	2	
38	3	
22	4	
61	2	
47	3	
50	2	
35	5	
59	2	
49	4	
40	5	
46	5	
3	3	
39	5	
58	2	
23	3	
13	4	
35	2	
38	3	
60	2	
24	3	
63	3	
62	3	
30	2	
14	3	
17	2	
32	2	
3	2	
45	4	
22	5	
41	4	
45	3	
56	3	
48	2	
32	2	
51	2	
46	5	
45	2	
44	2	
62	2	
56	3	
43	2	
53	4	
16	5	
64	3	
48	2	
9	2	
53	5	
18	2	
52	2	
12	4	
51	3	
53	2	
30	2	
20	3	
32	2	
9	5	
33	3	
28	3	
51	5	
36	4	
8	2	
41	2	
15	2	
13	4	
56	2	
20	3	
12	2	
28	3	
27	3	
4	5	
15	3	
45	5	
47	3	
0	2	
23	3	
59	3	
41	2	
8	5	
53	4	
50	2	
60	2	
58	3	
28	4	
25	5	
21	2	
46	2	
64	2	
22	4	
26	2	
59	5	
34	2	
0	2	
43	3	
40	2	
17	2	
47	2	
50	3	
36	4	
17	2	
8	5	
34	2	
3	3	
11	2	
46	2	

