1
100
10

0	0	0	0	0	0	0	0	0	0	
0	0	0	0	0	0	0	0	0	0	
0	0	0	0	0	0	0	0	0	0	
0	0	0	0	0	0	0	0	0	0	
0	0	0	0	0	0	0	0	0	0	
0	0	0	0	0	0	0	0	0	0	
0	0	0	0	0	0	0	0	0	0	
0	0	0	0	0	0	0	0	0	0	
0	0	0	0	0	0	0	0	0	0	
0	0	0	0	0	0	0	0	0	0	
0	0	0	0	0	0	0	0	0	0	
0	0	0	0	0	0	0	0	0	0	
0	0	0	0	0	0	0	0	0	0	
0	0	0	0	0	0	0	0	0	0	
0	0	0	0	0	0	0	0	0	0	
0	0	0	0	0	0	0	0	0	0	
0	0	0	0	0	0	0	0	0	0	
0	0	0	0	0	0	0	0	0	0	
0	0	0	0	0	0	0	0	0	0	
0	0	0	0	0	0	0	0	0	0	
0	0	0	0	0	0	0	0	0	0	
0	0	0	0	0	0	0	0	0	0	
0	0	0	0	0	0	0	0	0	0	
0	0	0	0	0	0	0	0	0	0	
0	0	0	0	0	0	0	0	0	0	
0	0	0	0	0	0	0	0	0	0	
0	0	0	0	0	0	0	0	0	0	
0	0	0	0	0	0	0	0	0	0	
0	0	0	0	0	0	0	0	0	0	
0	0	0	0	0	0	0	0	0	0	
0	0	0	0	0	0	0	0	0	0	
0	0	0	0	0	0	0	0	0	0	
0	0	0	0	0	0	0	0	0	0	
0	0	0	0	0	0	0	0	0	0	
0	0	0	0	0	0	0	0	0	0	
0	0	0	0	0	0	0	0	0	0	
0	0	0	0	0	0	0	0	0	0	
0	0	0	0	0	0	0	0	0	0	
0	0	0	0	0	0	0	0	0	0	
0	0	0	0	0	0	0	0	0	0	
0	0	0	0	0	0	0	0	0	0	
0	0	0	0	0	0	0	0	0	0	
0	0	0	0	0	0	0	0	0	0	
0	0	0	0	0	0	0	0	0	0	
0	0	0	0	0	0	0	0	0	0	
0	0	0	0	0	0	0	0	0	0	
0	0	0	0	0	0	0	0	0	0	
0	0	0	0	0	0	0	0	0	0	
0	0	0	0	0	0	0	0	0	0	
0	0	0	0	0	0	0	0	0	0	
0	0	0	0	0	0	0	0	0	0	
0	0	0	0	0	0	0	0	0	0	
0	0	0	0	0	0	0	0	0	0	
0	0	0	0	0	0	0	0	0	0	
0	0	0	0	0	0	0	0	0	0	
0	0	0	0	0	0	0	0	0	0	
0	0	0	0	0	0	0	0	0	0	
0	0	0	0	0	0	0	0	0	0	
0	0	0	0	0	0	0	0	0	0	
0	0	0	0	0	0	0	0	0	0	
0	0	0	0	0	0	0	0	0	0	
0	0	0	0	0	0	0	0	0	0	
0	0	0	0	0	0	0	0	0	0	
0	0	0	0	0	0	0	0	0	0	
0	0	0	0	0	0	0	0	0	0	
0	0	0	0	0	0	0	0	0	0	
0	0	0	0	0	0	0	0	0	0	
0	0	0	0	0	0	0	0	0	0	
0	0	0	0	0	0	0	0	0	0	
0	0	0	0	0	0	0	0	0	0	
0	0	0	0	0	0	0	0	0	0	
0	0	0	0	0	0	0	0	0	0	
0	0	0	0	0	0	0	0	0	0	
0	0	0	0	0	0	0	0	0	0	
0	0	0	0	0	0	0	0	0	0	
0	0	0	0	0	0	0	0	0	0	
0	0	0	0	0	0	0	0	0	0	
0	0	0	0	0	0	0	0	0	0	
0	0	0	0	0	0	0	0	0	0	
0	0	0	0	0	0	0	0	0	0	
0	0	0	0	0	0	0	0	0	0	
0	0	0	0	0	0	0	0	0	0	
0	0	0	0	0	0	0	0	0	0	
0	0	0	0	0	0	0	0	0	0	
0	0	0	0	0	0	0	0	0	0	
0	0	0	0	0	0	0	0	0	0	
0	0	0	0	0	0	0	0	0	0	
0	0	0	0	0	0	0	0	0	0	
0	0	0	0	0	0	0	0	0	0	
0	0	0	0	0	0	0	0	0	0	
0	0	0	0	0	0	0	0	0	0	
0	0	0	0	0	0	0	0	0	0	
0	0	0	0	0	0	0	0	0	0	
0	0	0	0	0	0	0	0	0	0	
0	0	0	0	0	0	0	0	0	0	
0	0	0	0	0	0	0	0	0	0	
0	0	0	0	0	0	0	0	0	0	
0	0	0	0	0	0	0	0	0	0	
0	0	0	0	0	0	0	0	0	0	
0	0	0	0	0	0	0	0	0	0	



62
271

14	4	
20	4	
43	2	
47	3	
15	2	
10	2	
60	2	
3	4	
13	4	
45	5	
15	2	
19	3	
23	3	
24	2	
15	3	
51	4	
38	3	
7	4	
53	4	
32	5	
38	4	
19	2	
29	3	
54	3	
6	2	
4	2	
21	3	
19	3	
0	5	
22	5	
53	5	
45	5	
26	2	
29	2	
39	5	
31	3	
32	2	
45	4	
55	4	
11	3	
61	3	
24	5	
4	5	
30	3	
15	3	
20	2	
40	3	
19	2	
54	2	
24	3	
46	2	
8	4	
22	3	
20	3	
52	2	
48	3	
30	2	
0	2	
27	3	
33	3	
8	3	
33	5	
28	2	
44	3	
18	3	
55	2	
3	3	
33	2	
11	2	
3	2	
14	4	
6	5	
37	2	
46	2	
33	3	
9	5	
50	4	
26	2	
61	2	
52	5	
9	2	
11	4	
18	3	
33	4	
2	4	
11	4	
1	2	
31	5	
27	2	
37	2	
51	3	
43	2	
46	5	
54	5	
51	3	
60	3	
55	2	
27	5	
40	2	
29	3	
31	5	
14	5	
34	2	
23	2	
4	2	
11	5	
46	2	
50	5	
45	3	
38	2	
13	3	
52	2	
57	2	
16	3	
5	3	
43	3	
47	4	
14	4	
9	2	
56	2	
2	2	
30	3	
39	2	
32	2	
6	5	
40	2	
47	5	
42	2	
16	5	
50	2	
40	3	
50	2	
60	5	
36	3	
1	4	
2	3	
41	2	
21	4	
57	2	
31	2	
15	2	
0	5	
27	4	
56	3	
44	4	
6	3	
32	3	
38	4	
28	2	
7	5	
48	4	
55	2	
45	3	
22	2	
58	3	
34	5	
32	2	
24	2	
61	4	
38	2	
16	3	
32	3	
13	4	
34	3	
56	3	
15	4	
36	2	
59	5	
9	5	
10	2	
3	2	
50	2	
44	2	
55	5	
46	3	
11	2	
1	4	
47	4	
17	5	
11	2	
32	2	
61	2	
52	3	
38	2	
2	3	
52	5	
47	3	
30	2	
27	2	
18	3	
44	3	
19	3	
34	2	
0	3	
4	4	
43	2	
35	2	
26	3	
56	2	
59	3	
50	5	
54	5	
28	4	
10	2	
27	5	
17	3	
15	3	
47	2	
0	5	
54	4	
18	3	
58	5	
25	3	
30	5	
27	2	
40	2	
12	5	
43	5	
44	3	
34	5	
35	3	
2	2	
40	5	
52	5	
48	3	
20	3	
47	2	
28	3	
38	2	
30	4	
8	3	
5	2	
40	3	
53	2	
56	3	
33	2	
14	5	
1	4	
35	2	
0	2	
57	3	
49	4	
26	3	
31	3	
27	3	
12	2	
0	2	
15	3	
0	2	
11	2	
39	4	
41	2	
37	4	
29	5	
34	3	
56	5	
37	3	
42	2	
2	5	
55	4	
10	3	
59	2	
38	3	
30	4	
54	2	
50	2	
56	3	
24	2	
49	4	
20	2	
25	3	

